   2697.8051844519068       -2.8331053446501477E-002
   2710.3108677287182        8.4272592301618626E-002
   2711.6264868981289       0.18828869218708624     
   2729.4314049159448       0.23001530664594572     
   2734.9955217205174      -0.17722355853465116     
   2753.6840287010746       0.24219970812230562     
  -2765.9024287735369        4.7232260420694845E-002
  -2763.4911650422805        7.7978791903653338E-002
  -2732.8355889427648       0.11728597995259463     
  -2719.4595135995924        2.5490828017304943E-003
  -2712.3249268551203       0.20329662911089466     
  -2706.2606709302004       -7.4543194367673662E-002
  -2672.1264046450829      -0.16613326922589633     
  -2663.9102057483401      -0.14898241972210546     
  -2652.1984103561504       0.16998439636540702     
  -2651.1081194976341      -0.22412834282768701     
  -2635.5320830469982       -1.0620433951656467E-002
  -2611.0188592118566      -0.21103527977636566     
  -2583.5988416127079       0.24982904109533297     
  -2547.5919913905855        7.0562956829312018E-002
  -2543.6004376235646      -0.23284645616978120     
  -2524.5197391339207      -0.11777831425411288     
  -2502.2355304766797       -9.6707235883418660E-002
  -2500.0962225359131       0.18279133204984493     
  -2494.5907310601988       -3.6926188266874584E-002
  -2480.1476371641324       -3.5983388417139044E-002
  -2475.5006689656980      -0.14293581748116579     
  -2446.5922565009350      -0.20595653191402974     
  -2443.6518853527919       -8.4183242322805510E-002
  -2435.0552347507664      -0.24925739455357671     
  -2429.8708734407419       0.13180740160364376     
  -2427.5254080873774       0.23905067250962547     
  -2424.3931194206398      -0.13538136740438661     
  -2407.7558335441454       -4.0795670846097767E-002
  -2390.3219056415342        5.6883285133796056E-002
  -2359.1884524614334        4.0333352086083622E-002
  -2350.6380026399761        9.7851639479495395E-003
  -2347.0818897525669        3.2650223320055217E-002
  -2327.2755303105164       -5.6250379739698736E-002
  -2321.6847446483503      -0.22746887038199445     
  -2313.8222593212204      -0.17840182964842019     
  -2306.7477464322510       0.20813932939958685     
  -2298.7527786001910       -9.7723101045866546E-003
  -2293.7212816537094      -0.22949691273552689     
  -2280.4335234942678       -3.1910602671606034E-003
  -2275.1052076929745       -7.2887189053961299E-002
  -2264.9774076022541      -0.14259846580815647     
  -2249.3503377497100        3.9635752524619667E-003
  -2245.6928487098230      -0.20359556938392401     
  -2243.7771845679067       -4.5743246645879060E-002
  -2232.9361204644474      -0.20194404098192884     
  -2212.8499027739531       0.15220660669138769     
  -2192.9352482696017       -5.8965720894085603E-002
  -2188.9238532460945      -0.15168766798232322     
  -2159.4295100919749      -0.18337623023392660     
  -2153.7202949123066      -0.16679284655840937     
  -2152.2620157636875       0.11425117854845497     
  -2143.6204215558387      -0.14412600823615629     
  -2139.3260808235273      -0.12684479135291260     
  -2111.6655011735420       -8.7386950763077037E-002
  -2098.1404417936556        5.8719820208167850E-002
  -2094.1519604383238       -6.7684350897996376E-002
  -2084.2034926950901       0.24810748370203969     
  -2079.5947077893748       0.20923538237397737     
  -2061.6617315163949      -0.14756456265967094     
  -2060.3567892913375       -8.5442247994009929E-002
  -2058.6111019849695       -2.8703785721289531E-002
  -2056.7781761088900      -0.21607903006396767     
  -2052.9407160673277      -0.10531938379969140     
  -2044.1414222976325      -0.18548618002307615     
  -2034.4474007804674      -0.18826437756971590     
  -2026.2540500752498        8.1081243336408471E-003
  -1999.7762173566834       0.13014387261771829     
  -1977.0539157515959       0.13776651181343047     
  -1973.3766682475473       0.17127391766407554     
  -1962.2906316352060        3.2101851697072026E-002
  -1961.2199741080169       0.18486352772388115     
  -1948.7462818973438      -0.10091747456051210     
  -1937.4610792955320       -8.5231354638263035E-002
  -1921.4940562739414       0.16380928753966967     
  -1908.5043954878759        8.8624847653348118E-002
  -1894.3331258236542      -0.21138858079239317     
  -1835.6533723012974       0.23853709344878249     
  -1824.4617079580432        9.5017516736556243E-002
  -1818.9374430819432      -0.12544562615004146     
  -1817.9207882900114       0.11087894414650803     
  -1809.6213514613116      -0.23634738725530657     
  -1801.0857154448970        4.0668401898300757E-003
  -1799.8104928959874       0.17050090117399747     
  -1767.3070105399145        4.0763816405461510E-004
  -1756.1761997952078      -0.21378458389201141     
  -1754.1895759553706      -0.12486766221813017     
  -1749.9244799977243       -8.2216683679144295E-002
  -1742.6246384289705       0.24104715398993265     
  -1738.1702677912936       -8.4967951086599880E-002
  -1732.4589313883857       -8.7347742742546641E-002
  -1710.3552194206266       -8.6880444072744822E-003
  -1701.8322309530042       0.19894630423222193     
  -1698.8671209968313       0.13671290039448147     
  -1636.3742506033416       -1.7679498319305400E-002
  -1626.9316000996334       -1.3456972583596037E-002
  -1615.6928356057772      -0.18635387841914861     
  -1600.0933823359146       -5.4222819723316149E-002
  -1596.9933967854106        2.1362119708035754E-002
  -1590.8741195771006      -0.15325038088777099     
  -1580.4541242151497      -0.20460705511083582     
  -1566.2182499597232       0.23240597715759609     
  -1561.9213236553537      -0.17282159242401030     
  -1543.7720323384601       0.15954406927779161     
  -1541.9867656559290       -4.2597812554656715E-002
  -1528.7873687007921      -0.20533621521204157     
  -1521.3432306483005       -9.6791170693973305E-002
  -1519.8938917608905       -7.2776105408155559E-003
  -1510.4678735023185       -9.6580794459440913E-002
  -1496.7652024864187      -0.19695487010063006     
  -1493.0675631015702       -7.9205128480362069E-002
  -1491.1224705964953        3.9580164622061459E-002
  -1482.6537119617592       0.24316851884482391     
  -1481.2108643842710      -0.14086727417248296     
  -1471.3098166843049        2.2638303696632976E-002
  -1468.4534477850366        5.5886270888309254E-002
  -1456.1484891161040        6.5264987629167465E-002
  -1447.8852391935491       -5.9896665066401913E-002
  -1445.5237464466666       -1.6504238218393058E-002
  -1435.5346498308006       0.13222611411542948     
  -1431.6682485794881        6.0122440500058751E-002
  -1429.7697097969860       0.19610284276594886     
  -1424.8814486358708       0.11797763892248189     
  -1412.6502354903371      -0.23926593254021694     
  -1397.0826241380435       0.16692292799296440     
  -1390.1407824852108       0.11194312438581845     
  -1360.9650918342652       -3.4132160559705435E-003
  -1310.6887318695024       0.19063853272457967     
  -1287.0401039782196        9.6320816250197006E-002
  -1252.0231537205498        1.4295657998825120E-002
  -1248.1861582631097        7.0472508109341900E-002
  -1243.3232380974509        3.7262792321392735E-002
  -1224.5101707753820       0.10399923752811462     
  -1222.9379288099412      -0.16191899113399294     
  -1216.2653619106788       -8.2471037838956901E-002
  -1204.4820616016598       -6.0610503305307491E-002
  -1200.8485661890213      -0.10985119180453672     
  -1188.5987797500402       0.24473708977784819     
  -1175.5279659522125      -0.23095872274129942     
  -1156.7395736462806       -5.8029951208079682E-002
  -1152.2515563931458       0.11421710674984359     
  -1149.1099000244478      -0.16154125936650535     
  -1136.5658197300552      -0.21691014854931925     
  -1120.1063136881403        4.4663461426758491E-002
  -1117.5397408869715       -3.2432548021038940E-002
  -1091.9718542082840        7.0406575546469286E-002
  -1084.2819505595103       0.24767480846411633     
  -1081.1645526473992       -4.0707488791352331E-002
  -1074.9570076514640       -7.2442315749816372E-003
  -1059.2508374843860      -0.15288036700694757     
  -1054.4447327695405       -4.0358302837231685E-002
  -1046.7514777186841        8.3441137863605297E-002
  -1031.1139693663699        7.6530111097145498E-002
  -1028.1160855898199       0.21367095687199900     
  -1017.0575993108981       0.13390511019488310     
  -977.29984979236019       0.13793563132207659     
  -952.79122428303344       -4.6254425053501344E-002
  -940.78963646966213      -0.23050642350823772     
  -920.86782625681337       -5.0046061920864297E-002
  -918.38517820761842        1.1329961732648041E-002
  -916.79154651389308       0.18120454229589095     
  -895.71668715276405        7.0876403062991214E-002
  -892.20341755009542        3.2716628967989414E-003
  -878.61318891367387       0.17691982932994860     
  -874.52699524488696        5.0225841197412247E-002
  -869.13569847505255       0.12470046467880032     
  -867.29411764070153       0.21546681222972905     
  -852.81598275187582       -7.0044873132424036E-003
  -842.73853259118596       -3.4596889371011859E-002
  -838.59184127195567      -0.22600168376801447     
  -834.55183256811631       -5.0916480498447429E-002
  -826.05290202963101       -4.5328637814671766E-002
  -781.37288687503201      -0.20149769040080687     
  -776.15763842697311       0.16709484483159129     
  -770.96214064746869        9.7185144721199129E-002
  -743.96437498425860       0.17028462785607160     
  -727.76662612396240      -0.19449554315381193     
  -716.62535484995919       0.13950759794677267     
  -705.59187577109640       0.17359469775607556     
  -702.15758004554675      -0.14595700177809182     
  -687.31353013775026      -0.16087235608600731     
  -678.32964955953412      -0.19966982888054424     
  -673.83466824064169       -7.8239548970324285E-002
  -666.60779487398099       -6.5201477500484006E-003
  -656.91779879961621       -9.0431835239750749E-002
  -654.96932709796181        9.7019414390123598E-002
  -642.96993807022091        8.7686588933208354E-002
  -623.24436742173259        8.1926870099810950E-002
  -615.86552485943548       0.19074363441834982     
  -614.58981269810079        2.2680865938674934E-002
  -608.20419769449825       -9.0189951107297231E-002
  -607.12172927073630        7.8983364727889388E-003
  -589.81171996962235        6.5820335494097715E-002
  -578.12769764880022        7.9429092131763898E-002
  -573.19081425618140       -4.7908878794018846E-002
  -568.68984136689801      -0.13302961908577093     
  -566.24589759963669       -4.3853511659682293E-002
  -548.90747685292399      -0.11382290012235016     
  -539.18217198226091      -0.10059132589936490     
  -490.21412799256609       0.17270272728607436     
  -469.03330219834623      -0.21574677431641023     
  -465.85825236300622       0.14031337807485794     
  -463.03125966390206       0.24490278973099600     
  -424.08245132106748      -0.19850521022529008     
  -415.25243946441014       0.14713474734332971     
  -402.68675991013635      -0.10515551495148372     
  -393.90668882521965      -0.23821001756748841     
  -383.89009553769483       0.10819486404187202     
  -379.67146738695055      -0.22743951920672062     
  -374.59426731794309        7.9366696271656628E-002
  -368.66782408056446        2.7835517190834547E-002
  -350.78177693272420       0.22709426281576786     
  -342.01409518316478       -8.8010295772738792E-002
  -320.52970038666768      -0.10559380036345918     
  -307.74268442749809      -0.20802654532660400     
  -297.33069799294594       0.10874168603069445     
  -292.81117415648453       -4.9051999150705169E-002
  -290.29384247501935      -0.12896725242993995     
  -287.33097687609040        9.3785641061348637E-002
  -280.91949032769634        5.5215852033275066E-002
  -262.19501758474206       0.14514147480148915     
  -253.28199775535430       0.11943918982103072     
  -243.80033440193350      -0.14317314071532550     
  -232.94252334455169       -6.7375016088264197E-002
  -230.92669028215519       0.14767383103187445     
  -204.17152909933372      -0.23150204357505852     
  -191.35076055734598       0.24980526651410032     
  -189.84265596180731       -3.1211230029256812E-002
  -186.32885594462283      -0.15006906610423373     
  -150.99979446169783        6.8352812482020409E-002
  -148.36253505634451       -8.1982424536432466E-002
  -142.97499205242704        9.5702274189229136E-002
  -131.58738870489535       0.17712358115190852     
  -127.82170020503033       -2.2780618448574042E-002
  -106.36255882332378      -0.24742103336292118     
  -104.30605702503065      -0.14936189042776415     
  -101.64269028589278       -1.6768531588077576E-002
  -100.23603955744913      -0.24711061982461247     
  -81.290357438321067       0.23395775512538816     
  -78.870068913194800       0.23593828694673866     
  -76.227792697097115       0.17774954424883460     
  -72.577304644854237       0.19636726741925808     
  -56.290602661538053       0.17327768731768614     
  -53.620011631078768      -0.14926426800109011     
  -48.510130798910730      -0.23742526988146431     
  -45.729915213726997        1.6337886507845518E-002
  0.33556538738547997       0.21994896051828194     
   7.3552349852967502       -6.5683315954876448E-002
   39.306084336322819      -0.10859291550311524     
   56.935041530822446      -0.17530639892721078     
   59.715189881893870       -3.4652762944226354E-002
   62.725642526777243       -4.2855444822883323E-002
   66.461446164955277      -0.12608397410473679     
   72.133748620743120      -0.19685774313522994     
   79.530252915079629       0.14241496148006855     
   81.229100460253875      -0.10836930042961217     
   111.88491736191764      -0.13301885254271950     
   124.82334305062300        3.4236201377687960E-003
   130.67028693284442      -0.15322387619466643     
   147.15884744119043       -3.9980036089282515E-002
   178.62534414042071       0.21974055961564609     
   186.06991653138874       -7.8985160672665922E-002
   191.95567894178473      -0.14853966311624206     
   201.03817810271616       0.18861060259638959     
   215.50787627016499        7.9577994641458621E-002
   216.86263856522248        4.5512322415018527E-002
   223.08193755644587      -0.10241726539467319     
   229.05159992259448       -6.6167361734738139E-002
   269.85758122264718       0.15389110603918568     
   271.96686687043024       -7.8939686196009523E-002
   284.14763563034023       0.21624104893515039     
   290.72540268869722      -0.10283860933376839     
   292.33013337559993      -0.18003649063652860     
   295.75676104681639       -5.9952247150420163E-002
   299.45919585828557        9.9244144350496125E-002
   310.54528692541544       -2.6669130337043004E-002
   313.85107192433821      -0.11638260278198578     
   318.67040016003398       -7.4484904866993801E-002
   348.32561290699232      -0.15795209842085528     
   350.83870236242973       -3.7837060801025585E-002
   389.05531282348204       0.16765146841628109     
   393.61366209228862       -4.0512050989444957E-002
   394.87020508611272       -7.6664024834338151E-002
   397.48735206225996      -0.11892376356280397     
   403.66718369287349       0.17612698857754067     
   407.90409679954678      -0.19298717990825709     
   413.35727969889894       -9.7816680762269279E-003
   440.42719916269431       0.11453377750631263     
   447.33481899100633       -9.1717576325596031E-002
   460.61103638497741       0.19393871454580966     
   468.41039737754375       0.17511413183301833     
   472.86902965426418      -0.11519169546604345     
   489.36132631146251       0.15771231923564027     
   504.80523203245809      -0.16925438525621642     
   537.63845762062977      -0.10527004028159276     
   544.36037217847309       0.18663477019000180     
   567.57445922653733      -0.11232793544786433     
   580.57423273268660       0.17858157683536743     
   592.49139916810361       0.21299119238080674     
   594.79352261451618      -0.15428500144230922     
   609.79985303241654       0.17683101303954221     
   610.91014491510748      -0.11622898544330584     
   631.17691285817421      -0.24708958514834378     
   638.11261574391779      -0.11768558295993488     
   639.95217666048245      -0.12486329269376191     
   658.04011067350621       -2.0556863175442260E-002
   659.68028951234101       0.13889617221099210     
   661.94378423357966       -7.7018524550717782E-002
   663.11079850809483       -6.8810859798228902E-002
   664.86199032957984       -8.4756344223994834E-002
   711.12674472932883       -9.2758046583863649E-002
   712.58304645099338       0.13700729597205219     
   722.29356964966757       -5.8873751572338331E-002
   728.95927970336845      -0.19709441405027023     
   737.47835887717292        3.5366937324710483E-003
   767.24598966747351       0.19682702484417980     
   784.27606970498016      -0.16421224543819177     
   797.66474992220310        4.1320230369216969E-002
   808.84100197024702       0.21140298368696378     
   816.84346747759491        3.0403130255078736E-002
   819.86240975212615       -3.1621839569433201E-002
   829.15008950902427       -1.2748067583052589E-002
   851.28754463617770       -3.1636709010120591E-002
   862.79315833585804       0.22359168406394742     
   888.03083992073539       -9.4847413392755792E-002
   895.58539920499175      -0.24679312692663513     
   913.67295107635107       -7.1591927380963705E-002
   915.08846446743848       -5.3324538685805639E-002
   918.02532052757533       0.23342205022046764     
   934.71841519260113       0.12749866169789384     
   937.10617468225553       0.13263355118681425     
   939.36245452905177      -0.13284736991108356     
   947.85335969738321      -0.15072565628804369     
   960.55647305371883      -0.22805105698477343     
   968.17849585647969        9.8160684437030132E-002
   973.20929315507033       -1.1585998821520570E-002
   986.54281283466480       -3.6359656662580182E-002
   1007.0092649864441       -5.1702294236375349E-003
   1040.3072485159435        2.1076826691946327E-002
   1041.6593709799679      -0.19141343113783502     
   1046.7443224104106       0.13632529613870428     
   1056.2070078462600      -0.17915617623229615     
   1073.1840987748133      -0.18823084580076765     
   1109.9709741788956      -0.12880129896208087     
   1127.2319646592264      -0.22108134630245169     
   1159.7377919732121       0.15227788688438099     
   1169.3184873890539       -2.8223078018307993E-002
   1196.5226589450524        5.2575085709011905E-002
   1205.9063306962755       0.12166565985105000     
   1217.8636412407880       0.16191933063568803     
   1221.9474433743749      -0.15171251036044400     
   1228.6747474329786       0.16455245093577811     
   1230.2716943915705        9.7399829277831237E-002
   1240.2844333807284       0.17807240030593091     
   1248.5648531482746        7.4545833193588054E-002
   1252.3541037189357        4.7245914693984335E-003
   1254.7880762657296       0.10948697348823870     
   1262.3789762412423       0.23543420551918304     
   1271.8169255789669      -0.15520956909351893     
   1280.6189181486873      -0.17421084254649083     
   1312.6830126516991      -0.12547079949769635     
   1315.7967154741957       -1.8787027688527615E-002
   1326.1532529608883       -5.7312084375896067E-003
   1328.0355297055082       0.21983937390232330     
   1341.3376681888953       0.21268830134689520     
   1366.6593344767866      -0.10895458545409759     
   1368.0950947377007      -0.22083934131560612     
   1378.4768115140218       0.17704531562628431     
   1391.0855205799201       0.16731929247036934     
   1398.8787754813084      -0.12263827968479614     
   1400.8978218457951       -1.9626531841997259E-002
   1402.9929832991170        9.2669582809736199E-003
   1428.7691105189460       0.22036028434380472     
   1432.4434454270952        8.4281890719574551E-002
   1449.5452621391050       -5.1682955724099047E-002
   1461.2332213195502       0.16709580767644555     
   1462.2966917539093      -0.19678740765274261     
   1465.0218052218770       0.12245743110361727     
   1506.3729235260093       0.19869519245986531     
   1515.0580686205572      -0.19815827780852699     
   1526.7759435344003       -1.4446625869650953E-002
   1529.0095472944697       0.24343262272501207     
   1540.3434669668575       -7.3167729860104764E-003
   1549.0740136409493       0.19136313044068329     
   1564.4980318104153      -0.12350673418361313     
   1570.0529655031207       0.18008290852980330     
   1576.5654798941205       -3.3111808596938505E-002
   1607.6571366301760        6.9224028417330441E-002
   1609.2318940457135       0.13652041373314677     
   1614.5706458285890       -9.7592461703548197E-002
   1639.0396818533977       0.24401979078235303     
   1643.6181426600422       0.10273490530565053     
   1648.1964566465965        4.9465406436895586E-002
   1667.1795454897958      -0.24419195305785321     
   1669.5953907518692      -0.20248714671073098     
   1679.2872340495639        4.6718489048816668E-002
   1688.0963805433305        7.0889987680099631E-002
   1694.1151212774810      -0.22637130400497837     
   1720.7991117538820      -0.23214674692200618     
   1723.5048737486454      -0.11112164799916097     
   1730.4953405760436        5.6161127653746234E-003
   1731.8450829002304       0.21831337292860153     
   1760.2523515782884       0.13405489808521012     
   1761.7884117858771      -0.17111545162319666     
   1763.7401476991583       0.22442349980452758     
   1766.0419782915337       0.11757517288525786     
   1776.8167864775482      -0.24228399071097798     
   1784.7776430436975        2.3004867582122508E-002
   1803.3522949122505       0.23206616184327689     
   1812.4186975765365       0.19394824558883617     
   1814.4292551837855      -0.18668083468433896     
   1828.6362053114699       0.22387888296947026     
   1832.9992272937322      -0.21292067526682973     
   1839.4950155712684      -0.24912933520543815     
   1883.8713782678021       0.22112890306647273     
   1889.7848182751964      -0.12799021014671325     
   1907.2753572814336       0.21015443172468012     
   1909.0278383629382      -0.17663544122535074     
   1911.4740989148293       0.20600061283782431     
   1949.1663149349204      -0.15860758040867495     
   1951.5478868688524      -0.24694608014984884     
   1954.6830752376293        5.3409457875431728E-002
   1957.1195606225845       -7.0306359055072112E-002
   1977.1016219123778        7.6390611508759074E-002
   1981.0651110915508       -6.6889172755784983E-003
   1985.0711510554434       -4.8768471084226737E-003
   2001.4266927466560       0.14996711712046501     
   2028.5563532787387        1.7092210362399562E-002
   2044.3520544713440      -0.11224482133431166     
   2048.1957983676189       -6.9269849948127682E-002
   2056.3113742267633        2.0038531237469466E-003
   2059.5941247916253      -0.19245940095373520     
   2066.5096469288396       0.23521437031347198     
   2075.5176596704928       0.17857017077408210     
   2093.0661047154090      -0.19995651365804312     
   2097.7992745836264       -5.9470798330395716E-002
   2110.5107704907705      -0.22062229018394025     
   2113.6648114802974        6.7112045856635187E-004
   2119.8745160044014       0.20204484156687100     
   2139.8169391239835       0.10950088338629423     
   2167.8058320929031       0.17950693872759108     
   2174.4706793799955       -4.4408182539082866E-002
   2179.5150348595321       0.11919750927442969     
   2198.8145676521658       0.14020640995374395     
   2229.5292092452219       -4.3526767417658783E-002
   2237.9438326410404        8.1963849440798597E-002
   2245.8170941278440        9.6267006862318011E-002
   2257.6695399566465       0.22177735670058554     
   2272.4228488767180       0.17987408001625182     
   2277.3115767842942      -0.17747578931388885     
   2286.1599997812641       -5.9787831098274784E-002
   2296.5101572516610      -0.22723585101869920     
   2299.8142520511092       -5.3316990236557560E-002
   2309.6654640753618       -2.5787250364064814E-002
   2321.8823385214605       -5.6786881738944590E-002
   2328.1392609828836       0.17598107158514903     
   2341.5225454882088       0.22799707741385419     
   2350.4914229741007       -6.5487741149995596E-003
   2396.0110100258362       -2.1923146222616745E-002
   2398.9506826745205      -0.19142068748628766     
   2409.2893631563816       -6.1386786889114697E-002
   2417.2408772126992      -0.21110661478682965     
   2443.9233658692051       -7.2817074005546212E-002
   2449.0627977570512      -0.11409209841194230     
   2457.7136204054650        5.6472611730192974E-002
   2475.9763030985891      -0.22050030582344085     
   2480.2720673091503      -0.20956292981268640     
   2488.4418580005831       0.20790543759484614     
   2490.3806048005890       0.19878943523159015     
   2492.9180927878083       0.11317439363713237     
   2510.5484892061759       -5.5612430298270531E-002
   2512.3402654175616       0.24260832060807469     
   2522.5554059972687       0.11353455210184181     
   2535.3956394351849       -2.4671244354027018E-002
   2564.4937317206504       0.21344166142009594     
   2568.6188657776988      -0.21147685299487251     
   2577.4955391549806      -0.19605169483168819     
   2584.6894503174035        4.7831848304054604E-002
   2587.7931906257099      -0.14587706790732172     
   2623.4822763344459       0.11499048792054110     
   2627.6113328292922        4.7269006107874149E-002
   2632.7325536804969       0.22391270304765121     
   2664.5143134089085        2.6684482631939312E-002
   2690.3837950281222      -0.18030504959613705     
   2697.5677907489799      -0.12559702487306362     
   2713.1327176119989      -0.17800776048287359     
   2737.4555659257239       0.19255687965433907     
   2767.5228447379245        9.6753117453322948E-002
   2772.4588343752275      -0.12958873195700243     
  -2765.6891463064981       0.19355340611249863     
  -2716.3459119217036      -0.18654517460691966     
  -2698.1832606142043      -0.14483644852345354     
  -2633.0460854006747      -0.23070256226830030     
  -2558.1298719354877       0.11038778079723741     
  -2525.5167735026762      -0.19473588386412102     
