   24861.948315292451       0.76158235520836770     
   24923.121333192121       0.77209591570783453     
   24946.984691284055       0.56921554306981004     
  -24966.326838875444       0.83548520845013263     
  -24373.769706784806       0.71847064499833202     
  -24323.478798628406       0.85045584271397401     
  -24299.366261491454       0.97447731247251590     
  -24098.092766974620       0.77700242678080422     
  -24043.695857254839       0.54525296922541366     
  -24042.574220446648       0.54503244361820236     
  -23999.457130089235       0.79080759304204773     
  -23938.802769026410       0.51740729221545656     
  -23918.105898299022       0.57617007789883024     
  -23741.641839413303       0.72739774821979175     
  -23730.296007332039       0.88842789428094238     
  -23705.501937894249       0.65102463079477080     
  -23689.611154101236       0.84731618249529772     
  -23620.405546775808       0.92921756635867392     
  -23442.525145248808       0.65641436858269453     
  -23423.171436818418       0.95402369445206825     
  -23413.546981700452       0.74526691740319939     
  -23168.263779621524       0.66757272028589076     
  -23155.295803795976       0.73298106581489320     
  -23045.525390318206       0.62882810593346117     
  -22707.916508464270       0.91420667173272274     
  -22690.629360805200       0.89221442019201225     
  -22644.768927556859       0.90955805343080653     
  -22614.629957523171       0.71724036548079362     
  -22547.877609219904       0.64123437894555957     
  -22349.169271601058       0.63053582892662052     
  -22297.254836164946       0.76628188230356298     
  -22165.247924606370       0.64216171368498964     
  -22161.138040800466       0.83002930861579804     
  -21718.589978372052       0.63720276529477904     
  -21392.923769750429       0.73142137885562897     
  -21245.440018535461       0.63843786565680405     
  -21206.126065404980       0.57706129615127455     
  -20955.326377633723       0.63521206544508391     
  -20910.959575032663       0.53189726608039023     
  -20894.257952070744       0.74693959425483536     
  -20750.547140358591       0.63981946501391973     
  -20710.118984598757       0.61662809049353073     
  -20593.220532565680       0.69029706297162030     
  -20526.022638208797       0.93092549950270320     
  -20522.473840984454       0.88807510711812299     
  -20415.150390420047       0.96799284946118613     
  -20184.219141584104       0.76629799391775655     
  -20096.653337882832       0.68457966731721209     
  -20086.080527506398       0.56719983477262392     
  -20052.667856323387       0.90802015086445997     
  -20037.092425142153       0.83682409709527095     
  -19900.343390415575       0.58455648557841478     
  -19824.820836250849       0.86117543609582925     
  -19703.258102209569       0.94142163140117519     
  -19497.363732966052       0.62530664178202777     
  -19368.799964210393       0.98490142882273224     
  -19354.609484625253       0.80996924430724682     
  -19351.283585810659       0.54923407441372885     
  -19334.016965115989       0.56412146551426512     
  -19275.106171636675       0.90088223673740797     
  -18998.479971078428       0.59220237529691566     
  -18950.289996468931       0.56918023628706826     
  -18842.450380683953       0.77800691560674273     
  -18823.085773283987       0.69816950671753619     
  -18672.204599595756       0.90955097231646320     
  -18650.814587637375       0.74298381024170601     
  -18443.483655175030       0.59739425491828702     
  -18403.361185130405       0.67285795498365897     
  -18273.449799282997       0.58924999373847919     
  -18154.142767933965       0.66694252520381592     
  -18125.198511107523       0.98098737138599401     
  -18006.300854028850       0.57701620565791678     
  -17992.602010729359       0.70446997967952640     
  -17991.053739050265       0.58408826643270739     
  -17700.196847420455       0.65845631906358826     
  -17463.663361395113       0.53971049148670602     
  -17437.094595016686       0.84238377145771726     
  -17281.139237841246       0.95646563792642170     
  -17268.790247314955       0.71172067064819700     
  -17068.913331651071       0.58093061940090918     
  -17048.272832250634       0.54432107141916530     
  -17002.103444667122       0.84572855321580609     
  -16972.901148860743       0.90614060284768616     
  -16802.374708678246       0.51199698141906425     
  -16747.731114517464       0.71840720467952035     
  -16739.226877908135       0.94315597163551912     
  -16579.730985825368       0.71953120517970515     
  -16341.423372271311       0.84813473874914413     
  -16075.346427389260       0.87566724097998583     
  -15861.885944731112       0.95276964265597630     
  -15849.302362583330       0.66992905437452654     
  -15831.598420905100       0.98297145372197858     
  -15687.199439813647       0.69489594213515926     
  -15559.911262447315       0.95388726745804964     
  -15546.856095341622       0.97628927573906499     
  -15457.435629261539       0.63918906246973139     
  -15450.455133369132       0.73174546541550756     
  -15449.217786341314       0.57518627396670619     
  -15193.908367453558       0.56322044164607021     
  -15000.765867196818       0.87763785182702225     
  -14817.349268215727       0.65040689909790117     
  -14584.273628559780       0.55394132178001643     
  -14417.896905598365       0.85875673967306065     
  -14364.271997901948       0.95211057151228218     
  -14346.873527831049       0.67971928981580798     
  -14291.420311510508       0.68387603829950427     
  -14280.919791549679       0.63206133174897672     
  -14271.283818987469       0.68765532970424070     
  -14213.736507654936       0.69802593892201803     
  -14143.745086244966       0.97410980994019758     
  -14116.184391733404       0.62187211484438065     
  -14019.540977416380       0.70848399362593217     
  -13969.704081655422       0.99088562352434617     
  -13715.967000180415       0.85415337661276425     
  -13712.527169112693       0.97159358919366845     
  -13525.242252799499       0.98481725460209502     
  -13505.081647728504       0.78450022703333133     
  -13455.778946724755       0.70249192216944489     
  -13380.635581219749       0.51877202591516003     
  -13020.175845926313       0.92392867453663241     
  -12904.098225215348       0.50179524602066061     
  -12873.602587813901       0.87448042072766219     
  -12814.462959053482       0.80239030503018993     
  -12786.261300206941       0.51344634063364236     
  -12745.046887875515       0.81622324057502615     
  -12560.440197915275       0.78966061766931539     
  -12473.066527370680       0.71244552676432460     
  -12346.119123396311       0.92382233348721132     
  -12302.014568747416       0.51822985032186319     
  -12245.440317252229       0.61614393419111146     
  -12175.363355415830       0.99119956995177305     
  -12126.665701588061       0.61626296866376917     
  -12118.956957040607       0.89292310519864071     
  -11983.703202751984       0.82379374134722438     
  -11692.922005492002       0.79595136348681716     
  -11690.219382851757       0.56633713237946548     
  -11660.954515033753       0.67841436829052792     
  -11651.373625442442       0.90279064392845843     
  -11635.184764211164       0.82808645391109004     
  -11415.781098422252       0.60131310574231189     
  -11334.919440845424       0.85406104332228949     
  -11254.834856833946       0.70727883349483511     
  -10845.306765995711       0.54510019096929463     
  -10814.189715895880       0.68303453323410046     
  -10800.501710643082       0.71439010903611599     
  -10726.883867297942       0.57133679217031030     
  -10445.955905716137       0.95228664134367347     
  -10312.990320668638       0.52095756170185170     
  -10139.680697365809       0.51961840105910662     
  -10014.152401423547       0.62505822447280390     
  -9836.2004059411975       0.88616532966839767     
  -9816.9980255442842       0.81240441135864927     
  -9603.4207812046170       0.69926265718561109     
  -9544.2073482478063       0.88178019197512747     
  -9346.7379573395610       0.85226857731465033     
  -9217.9732582572342       0.89693360633350194     
  -9155.3701191344680       0.73527284335244869     
  -9137.6400087228576       0.78499623227285265     
  -9104.2569151899952       0.94763984791726286     
  -9020.2344513257340       0.85101524648315063     
  -9001.7119966252776       0.89905708256067085     
  -8836.3080143739844       0.79367387889720242     
  -8589.1258776595387       0.50663811624723920     
  -8364.3933095565571       0.98602475841124138     
  -8328.5190274909201       0.90186350435543583     
  -8301.2769837961750       0.82023791556864423     
  -8231.1643010974967       0.75382371697643602     
  -8097.3840087293347       0.82105540011125289     
  -7872.5916527172822       0.66044389019443805     
  -7812.8526982258163       0.87237666818592774     
  -7782.5016386417446       0.52827947297744871     
  -7773.4550047219345       0.50134396351649368     
  -7759.2420348425321       0.80559777728559800     
  -7687.6413641616109       0.68547591962165266     
  -7513.3179247118105       0.73842215484124318     
  -7499.0860833910046       0.96190693670045657     
  -7495.7412695208996       0.50103544212851236     
  -7469.6506762780964       0.74767289708264484     
  -6869.8965261903759       0.55745437676328358     
  -6760.1577370945133       0.84171564661328446     
  -6529.0950141974099       0.94548079969823517     
  -6193.1152530138079       0.87522102590877038     
  -6031.1530896127379       0.76184763827358870     
  -5920.6068898000522       0.85748628581708941     
  -5904.3608192241463       0.96493459409544458     
  -5809.6359368993162       0.64340843915846391     
  -5784.8083488056018       0.69535780139678571     
  -5776.5537933225551       0.93133150464968828     
  -5751.6396935344164       0.51227756440503058     
  -5645.8848277224306       0.84908592426534690     
  -5631.3320816635505       0.51617372023460650     
  -5629.0115179211134       0.56752115060535824     
  -5489.8275217761930       0.73188545128547755     
  -5345.7539970264570       0.95403867421991528     
  -5316.0843277314716       0.93201489812084637     
  -5278.0884155160611       0.60811810794399068     
  -5277.0897280950558       0.53553366925421741     
  -5226.0339468521652       0.77688343186189435     
  -5147.3408381639247       0.62651122322341402     
  -5099.6011390486437       0.57989493698917027     
  -5041.1408460485809       0.96476722678870708     
  -4938.6048777725873       0.64504208668709828     
  -4763.2680864160275       0.95145055794612099     
  -4715.1180770332076       0.98660521110429955     
  -4675.1369176837534       0.76408515893961237     
  -4502.2199071927689       0.88965961612590083     
  -4478.6477110594205       0.71240300260554046     
  -4209.5306788314010       0.53407032556601164     
  -4154.2054495181810       0.55419235326883232     
  -4054.6101211450678       0.80852524730523034     
  -4047.1637303579514       0.80428081222591008     
  -3676.6737764188865       0.62426529180199974     
  -3531.1725759000688       0.51301556182005026     
  -3213.4314933805385       0.55932344054913474     
  -3166.8515623132726       0.53227348324492207     
  -3114.7746615632459       0.52987063156672387     
  -3028.0134337287686       0.74430387209680371     
  -2962.1877495350136       0.75065670977865540     
  -2889.5503992760418       0.82272336723990946     
  -2840.6757336753340       0.62271137231510776     
  -2786.9368133864405       0.70134795800219918     
  -2751.5557969700621       0.63462589865318630     
  -2702.4129817146440       0.93416274330591420     
  -2621.5579011100999       0.72977300237370224     
  -2603.7347263562001       0.61429980412870988     
  -2499.6604489443184       0.71035502489807956     
  -2428.4807795254328       0.50122030563536724     
  -2278.8887288418882       0.61705484359942120     
  -2019.9333275022207       0.91137175630313472     
  -1874.1292068566559       0.64863948056644904     
  -1764.6553948508931       0.78157406639033411     
  -1721.7842314541854       0.65285462763647539     
  -1606.8588362281971       0.75110673160588637     
  -1577.8608502666659       0.53255679677222201     
  -1417.3618821403747       0.79403820567712935     
  -1344.6617466473508       0.84778270442466530     
  -1293.4551532136311       0.67269694095553867     
  -1115.9772812696467       0.60504721833725894     
  -749.47120407757848       0.77471686231066694     
  -709.51651663415612       0.57038768951567109     
  -664.50224402358583       0.87513678999541500     
  -596.46909584008813       0.55639901395053859     
  -541.77583293124292       0.68716553543203329     
  -441.50073783246603       0.65186484050070537     
  -370.87769075946352       0.52700776310701303     
  -353.47991524586024       0.70871246185612047     
  -182.10250569874594       0.63740576878078437     
  -180.84429907399669       0.63451566339774979     
  -131.42607365112528       0.86992191078620251     
  -127.94291752941484       0.67228014842981976     
  -65.736963143085475       0.94803848585296357     
  -25.426463026150767       0.75231216939101175     
   26.616843239630882       0.95926478679539773     
   68.038746083632432       0.95202919120328178     
   418.19965836025193       0.69815977317906686     
   616.95468427852995       0.56679703732570452     
   621.98194167444365       0.62925753956133268     
   624.24319845526315       0.53040984050677931     
   625.30656846700469       0.75208468292893138     
   686.37412576542806       0.80722136048625837     
   713.11810749888673       0.56617762265393323     
   739.16125429770909       0.58608369876761868     
   867.93081103235204       0.67950327368274988     
   935.67807244346386       0.76533451955825460     
   942.19636162173322       0.55199277486502474     
   998.39969210563129       0.90540022390477715     
   1078.5458041832437       0.77412933624514779     
   1152.7749949568965       0.76228240986073437     
   1156.6770487552931       0.90258317928474108     
   1261.2621245944185       0.70071318107956493     
   1308.8502053432273       0.87938264292323476     
   1454.1137847780662       0.61358470211294491     
   1952.8384884813916       0.53717661783830983     
   2191.4222780619239       0.51799170370357328     
   2237.2588563095533       0.75582487412577637     
   2316.6008503884409       0.58849683378661821     
   2384.9530355740558       0.69810915258586903     
   2566.7355818838669       0.50804030550049839     
   2654.8796996261981       0.81304221688264067     
   2683.3972629178265       0.88542336914621489     
   2743.0237201398600       0.87965978233616982     
   2900.0968693614573       0.68232238562735370     
   2906.7567015005379       0.77394413704605847     
   2981.1884573457974       0.67569774590259990     
   3006.6694781517513       0.84263485802331728     
   3091.3533736083778       0.76015819982087396     
   3311.2875157032931       0.98238190034571649     
   3427.4810931817501       0.54636139473255618     
   3535.3731710817856       0.72399129399577888     
   3670.9459449949968       0.95445147900089899     
   3987.1564614781587       0.98367212235321833     
   4076.9044367145530       0.77323213430358151     
   4105.0492296214725       0.80636202031319582     
   4117.3653451649880       0.62018281371181549     
   4279.6695127005241       0.69731871023464409     
   4308.2977787267673       0.87028114628577180     
   4420.8585057775090       0.51982782571677932     
   4507.4212160399611       0.79307210331831890     
   4510.8813325148203       0.72270265363235375     
   4516.7724814220210       0.88700013314982673     
   4589.0575072181528       0.91266675127032626     
   4654.1440667685265       0.99879941094227531     
   4656.1813040454308       0.95333664808037655     
   4797.5155454439364       0.55702968270693110     
   4897.7596951078722       0.68269803754895431     
   5087.0673624738738       0.90508016706161165     
   5121.9060464457461       0.79448017707884078     
   5137.3910367220915       0.97202688463962728     
   5168.2405070383857       0.89917849268423355     
   5288.5359203528578       0.75116649007788761     
   5475.4949476859574       0.72910863622464728     
   5573.3202037904248       0.54964524909868007     
   5631.4962698758363       0.59154876736482498     
   6105.2411426011304       0.53381386856948265     
   6399.4746715656902       0.58717759932958435     
   6421.8297968151146       0.70923288956362596     
   6442.4362669884158       0.96127773514708248     
   6455.7751940952894       0.72480714217024811     
   6859.0923720970086       0.59793774480815198     
   7231.6554861220056       0.94485949287168614     
   7248.2793692876066       0.90193460245934576     
   7309.7131452319636       0.58182133646299694     
   7417.6854393675785       0.74293222553682192     
   7471.2785991349929       0.98279324428304859     
   7556.6680766413956       0.78757137077222739     
   7609.1703349336694       0.94323244202591894     
   7693.8977602299274       0.57804120214920851     
   7825.0257000725569       0.69941580787440760     
   7862.7730364641611       0.66405327541489323     
   8020.9209535900327       0.78414603767612068     
   8039.3099871646818       0.65390130600449370     
   8254.5988602767193       0.73832285825250832     
   8370.2626962020404       0.73302959328665473     
   8431.2614533347896       0.58260426457421866     
   8530.8727538331386       0.98570011389756551     
   8554.2461904255433       0.84459032394229139     
   8572.9997480129623       0.97334117061502345     
   8638.9010650084874       0.60535584398231579     
   8736.7170299848149       0.99784553440584089     
   8745.7385110517571       0.86739699071136522     
   8865.1288249398422       0.50287845649296015     
   8919.7147752030214       0.99605790293974050     
   9242.8868641009158       0.84269301626997772     
   9306.2557786735215       0.85914454147803154     
   9378.5040820414779       0.63828075308331056     
   9465.9799938474771       0.82747298121391255     
   10086.433956268644       0.61775339597356571     
   10152.787232864372       0.93268486589075905     
   10393.589191295416       0.72286622493424613     
   10475.191747564973       0.65184722046174526     
   10555.740136080756       0.51486317623648492     
   10605.760700208091       0.82113329786956391     
   10623.731004311050       0.70431445181831354     
   10743.361381141842       0.52672481396729154     
   10859.509013938490       0.61664991802427904     
   10998.668942992124       0.64245463419641013     
   11048.708558950233       0.86028811444863518     
   11060.114572930992       0.67370181354355019     
   11159.457454759064       0.95364319498550199     
   11163.569193665315       0.79709678644306003     
   11220.299421293425       0.53377371111843475     
   11410.550376268697       0.62087778618935163     
   11570.260749027915       0.82538578271654917     
   11596.340252043468       0.94670813815512644     
   11601.767996678056       0.74555060257418260     
   11634.142957160577       0.80085598600522090     
   11869.148655819761       0.94245364068366577     
   11914.538662523777       0.99856858453818520     
   12046.648673800444       0.79022306661882369     
   12079.133676458268       0.65553753866255549     
   12157.407827757528       0.78022457500040687     
   12182.492411584801       0.82394094083619451     
   12390.650605447576       0.72831276932116562     
   12495.898496536980       0.74897375586502202     
   12625.850183863689       0.59751440813795931     
   12774.171020151360       0.99976735050234100     
   12781.337605920773       0.84437084260568107     
   13160.931635530134       0.57127700842004081     
   13237.031961234978       0.69255858108461876     
   13445.025353719928       0.92220905724905078     
   13497.029045179357       0.69199189923933846     
   13508.698710172826       0.65315627522557129     
   13531.299586321644       0.79193790538175257     
   13719.884488290154       0.53655115208294091     
   13736.138296988282       0.66244511237622372     
   13816.725685871887       0.83096668767462900     
   13841.612192309871       0.75978265782496401     
   13943.503610116071       0.51432963129954745     
   14030.915015521432       0.60990067214762189     
   14134.182911447591       0.68379652681197356     
   14177.993722504536       0.86723766462567364     
   14293.510852286088       0.74045589801366063     
   14347.321607049496       0.78874262080123614     
   14419.761877430641       0.90185490477841779     
   14531.569681296596       0.75080423352732328     
   14621.633874699179       0.54930343573560714     
   14658.272313726453       0.59415104009635522     
   14660.020570064844       0.68145168836781900     
   14667.981948938574       0.64906002636114435     
   14751.620474973442       0.63418412070726926     
   14758.933412975919       0.71178894455382924     
   14792.807553850611       0.50814724243539622     
   14859.526946249853       0.92711271110371640     
   14909.655180592918       0.96041878867841035     
   15012.896775871552       0.84667695063297999     
   15214.014511726466       0.89037135172651161     
   15252.962672983362       0.57716362578443003     
   15532.702523816772       0.55648804967261079     
   15621.145758927212       0.99762213305491976     
   15758.986136216590       0.76033780302499865     
   15861.887731186387       0.69131108600532998     
   15988.948247864228       0.51221092089809739     
   16195.036230606076       0.52275240618825902     
   16531.215635492823       0.52699813710950971     
   16569.892138037343       0.80095672851210142     
   16591.975200127959       0.91528700396143692     
   16640.970277746950       0.82903275848646463     
   16758.635143099596       0.74608459087956802     
   16895.696250362413       0.98865850941432565     
   16926.894057679761       0.96065299131493631     
   17195.941991723339       0.60349392051808270     
   17210.366809793162       0.97509381094185077     
   17367.281504672254       0.77286303815089796     
   17511.285821291549       0.58151735241768843     
   17593.180748745719       0.58367084296171412     
   17641.104135443115       0.92756305652020132     
   17664.516908085367       0.88132677232875800     
   17842.406317414458       0.63086062323001768     
   17865.120779713769       0.62435891104331365     
   17985.045985833407       0.52172436132875921     
   18028.180161558626       0.92363297827438573     
   18046.217684699463       0.93385574723925269     
   18088.355794792395       0.87647284762324462     
   18156.128032236516       0.65778148244686740     
   18178.647760175398       0.95049926351417680     
   18228.298330875830       0.80044872646475884     
   18418.920311822851       0.86169122355839334     
   18683.353276979538       0.76331770210349659     
   18836.700984734631       0.73233200416919697     
   18860.117210432327       0.88087232191105180     
   18903.112790495150       0.85755348062437742     
   18910.443483228897       0.74735424726856359     
   18925.664090468203       0.67271415012218450     
   19193.156981292082       0.52603143452422385     
   19278.211853569501       0.95205505287004855     
   19354.735429368375       0.67994342735052382     
   19624.212953042988       0.54457986537740088     
   19639.370699674011       0.86016744728977867     
   19697.379497671191       0.96535953439936706     
   20006.609353844153       0.80098064850675976     
   20150.986574966373       0.72939278748414327     
   20202.388301264349       0.53016427637807007     
   20252.172986717858       0.77071105057993072     
   20479.955606555835       0.55980905665794245     
   20545.931961027760       0.96540876175447976     
   20559.334693290730       0.79080447683160227     
   20571.924334571293       0.72893689855960031     
   20631.213937943343       0.85667224613976567     
   21109.116134647851       0.96430405543872100     
   21237.931300102846        1.0000000000000000     
   21546.719662025687       0.65470210063343792     
   21603.649977006917       0.87685498842167775     
   21712.186509508574       0.91737422903419930     
   21722.468411698428       0.50017853505084497     
   21739.794027245483       0.54148419957077887     
   21750.488987147084       0.56907914158520723     
   21789.413218278267       0.64663717617629279     
   21936.708253733024       0.93668374442848712     
   22056.710805226045       0.69158046220178482     
   22227.574922416155       0.98647793258877292     
   22285.862374881122       0.91377550576602040     
   22324.323110205096       0.65390628959785535     
   22398.269692343201       0.81891398397560555     
   22548.346180324188       0.86961090203646019     
   22655.199894621004       0.78616578215281152     
   22658.794434628144       0.59768819109353510     
   22772.271559856246       0.56843599258577904     
   22780.978141442782       0.79696028925024764     
   22790.037697767646       0.53621239936265230     
   22849.361825344149       0.71465959376670007     
   22953.160110738594       0.80418415217977846     
   23199.295482518592       0.89431298485339095     
   23457.916898095384       0.77689985504287662     
   23485.751720932967       0.52186791471688543     
   23737.023139020632       0.73081147192332629     
   23834.997211057223       0.75717430571730859     
   23930.204371674896       0.81237141174313376     
   23987.712425035177       0.70383652270267882     
   24051.507451625843       0.56706489509364577     
   24163.648639439718       0.99266588905354047     
   24175.694446969599       0.93476758333666399     
   24287.795038960532       0.59950772715851408     
   24579.741447649591       0.83487533041790118     
   24703.508610474732       0.88736737314080272     
  -24545.705381693086       0.94987287235218099     
  -24183.249784108910       0.51367440594779767     
  -23643.316565447087       0.59909787679911142     
  -23587.860898652169       0.80567700224705185     
  -22673.650679887018       0.84693076104901555     
   24277.065043729806        379.94393928459772     
