   16556.247747695852       0.94336940501954947     
   16594.044047983822       0.97461481622855051     
  -16590.064630475608       0.60872887978377865     
  -16347.259187190481       0.63505430783532546     
  -16272.686774613836       0.60747139200866740     
  -16157.878954924854       0.79778993723910441     
  -16132.967004963682       0.55502170764009484     
  -16105.305781213867       0.99898249230616321     
  -16032.090768421198       0.90876285063166173     
  -15965.047687694852       0.69288238388477741     
  -15938.393069680380       0.82133085111621318     
  -15926.241373879408       0.73212114788047922     
  -15891.805175474376       0.50406103321227447     
  -15887.988285837471       0.94463425595720407     
  -15880.574650910083       0.91317018991451115     
  -15876.892811385955       0.52117747545712378     
  -15838.588288124525       0.50146599304401740     
  -15814.085082549869       0.83291362170300731     
  -15736.062405924602       0.50225575091453845     
  -15679.701963318554       0.97409484705626537     
  -15672.150716802218       0.82061067457676473     
  -15562.857746189562       0.84816898930644469     
  -15540.862156670280       0.74478134229994875     
  -15519.157707270644       0.63507576078070926     
  -15380.972554570348       0.54018674954439161     
  -15182.931633762375       0.90302955313440247     
  -15121.866603702783       0.66751800399898764     
  -15023.805773337393       0.91654018677568561     
  -15011.351035088710       0.52919082719576105     
  -14938.606072841752       0.64553355927189904     
  -14858.041874720204       0.63489142851321623     
  -14741.335010580937       0.68279923061628645     
  -14411.342220585208       0.86630690910510455     
  -14387.617366276469       0.94650689617569683     
  -14334.598463969340       0.54539100504284188     
  -14323.420819848390       0.85406717733053472     
  -14054.070750895487       0.58214769394452737     
  -13931.160639531190       0.76081974865640201     
  -13893.605472105257       0.87400187739494206     
  -13858.190064518700       0.55324575179062019     
  -13832.030600053167       0.51766732827854955     
  -13812.316185843085       0.98711447095998972     
  -13777.810563367659       0.61901155951305697     
  -13763.884495793947       0.79412234874171517     
  -13708.760639366450       0.88644903932756569     
  -13625.020215544882       0.78340612862265635     
  -13541.624744445546       0.52774291556163200     
  -13536.040743872321       0.88260972969446005     
  -13491.765795721210       0.63824744090049812     
  -13341.361444313519       0.79397901445240493     
  -13338.700856748261       0.79082541646426230     
  -13092.663153949496       0.69699263077810403     
  -13053.570763034642       0.96404592966488301     
  -13044.314256846041       0.83445626633382930     
  -13025.979069018747       0.61427801504345048     
  -12999.506743110955       0.76296490095117686     
  -12963.470794406916       0.68271137625939382     
  -12944.277154579959       0.66352326381892424     
  -12787.189857745319       0.77730741474877363     
  -12687.390909593809       0.80821431327046833     
  -12612.117230712178       0.70254078140571019     
  -12582.453940874611       0.77045602520004186     
  -12579.033917410216       0.98618279493883343     
  -12492.238465139028       0.97035402464920839     
  -12453.419921565668       0.66689415683118436     
  -12228.705811811245       0.59083987293420170     
  -12213.667265810738       0.59417448918714633     
  -12211.762820942924       0.87504376414578311     
  -12198.337555619886       0.95314426092641280     
  -12173.115350311929       0.61340381405647626     
  -12163.980802599750       0.89810017085626137     
  -11978.288159289032       0.75945792191656702     
  -11956.067500432426       0.97906187749111584     
  -11908.035626495797       0.98327508489990034     
  -11776.243905114683       0.55680853560374288     
  -11724.791542968711       0.80544082008544449     
  -11687.980491512793       0.50175109132923135     
  -11626.545984840352       0.54394738091205563     
  -11616.428505384683       0.76921317421382840     
  -11609.510279869355       0.69101055436297198     
  -11572.353306304154       0.60392813528769484     
  -11507.791773039182       0.63810632083443986     
  -11448.747801738282       0.99963527343337943     
  -11257.050438404085       0.63202049374194880     
  -11058.045748424072       0.85431237987689734     
  -11011.254742122715       0.83651029775166164     
  -10972.700782349784       0.93329452836489524     
  -10749.799904428763       0.84642013641919067     
  -10698.469600671802       0.85064542992176084     
  -10628.485349633034       0.65221072050963602     
  -10432.764488335157       0.96292848676725851     
  -10427.558630323671       0.93979295502503823     
  -10422.802435388146       0.57014859898589365     
  -10384.672352981115       0.66791935800586266     
  -10350.605849265812       0.61529147461320566     
  -10348.850418906944       0.93036671079813038     
  -10237.304410595067       0.74595134781249950     
  -10146.124772506033       0.80522019258054578     
  -10043.757695533654       0.99200270661990642     
  -10008.450977009697       0.61124061541165897     
  -9965.5285923468982       0.81020220119388586     
  -9841.9958081340137       0.61748636356551478     
  -9784.5495882460618       0.50666682315196643     
  -9660.9378991789672       0.56637456504616546     
  -9638.2136998157694       0.50939089805036231     
  -9518.7695804021059       0.74566768092992342     
  -9491.3020989818924       0.56054559856042430     
  -9475.5125636998728       0.90792672824262499     
  -9461.2911414076043       0.78972643606004644     
  -9455.8712330252329       0.67336225662576066     
  -9368.1254896267292       0.69426952218765103     
  -9329.8195687418738       0.83530021164612900     
  -9309.2245539576070       0.59335062439468111     
  -9011.9272520782906       0.87791865204665465     
  -8979.7628259804223       0.89787570495600477     
  -8974.8558292481321       0.99594297092218198     
  -8892.3076632159136       0.83495987326090659     
  -8878.7770723420581       0.73257302398911783     
  -8876.3579683375829       0.57379279151117324     
  -8871.0956157105029       0.55586182956644803     
  -8828.2999538736149       0.57715129096705986     
  -8765.3752798011956       0.74546139185099625     
  -8648.1952747334453       0.70482767996407425     
  -8573.9935673240834       0.79692305081473958     
  -8563.1408561374210       0.82549849983594559     
  -8497.7315908142882       0.52887181341954947     
  -8444.5044214887839       0.56338698697496681     
  -8271.8545939328524       0.64456801497459015     
  -8159.3150465943581       0.93886915091627587     
  -8157.9136946788612       0.63750020444426558     
  -8073.9040117245067       0.83801904181662223     
  -8068.8870724277531       0.58009139066783033     
  -8014.2549813122359       0.61075332243391667     
  -7968.4548254232204       0.62240408807388292     
  -7913.8177631301924       0.97166780646234774     
  -7851.9456199602573       0.97770379931347284     
  -7842.4605835045404       0.79486645497760078     
  -7750.6756769137055       0.89070362721120178     
  -7673.5161371510476       0.54591099212025884     
  -7631.7550343127368       0.89859793150341483     
  -7583.6689668389472       0.50496489674166445     
  -7544.5518975130271       0.82245707857797601     
  -7508.3120674123484       0.90249338826525460     
  -7478.4397504541466       0.66387099862145660     
  -7346.3763419512889       0.65993863548704224     
  -7263.5947290084532       0.69847044149825621     
  -6702.7316351069221       0.77177270392701813     
  -6688.1414574292276       0.74930108411901430     
  -6520.8279881000726       0.75237309242537587     
  -6503.5978247255634       0.99314797826660284     
  -6476.3763890592581       0.69377900059161823     
  -6432.8395167418812       0.73313494114957123     
  -6312.8022701218351       0.72300715780757852     
  -6265.6533199832602       0.57244514091651866     
  -6264.2532662917174       0.88239785771166446     
  -6162.1896325943935       0.80857784382281683     
  -6091.4913845261408       0.56193026777355104     
  -6069.1360200894615       0.63774267180923916     
  -6045.8555723114932       0.99449453689318179     
  -6043.2595551580353       0.54581690269432914     
  -6024.1346608854410       0.62707819119857322     
  -5811.5076231044904       0.85637579800544639     
  -5731.2732669313109       0.65983378280006821     
  -5720.2483721266526       0.90856664045253566     
  -5671.6309720921145       0.67104364719456355     
  -5656.1465074615598       0.53927719320696110     
  -5599.5000826278210       0.77501676355255311     
  -5473.1556250045560       0.55322307823172834     
  -5410.2399984892390       0.57404759647902359     
  -5337.0302621097553       0.94043168652648312     
  -5199.5541323884809       0.95928167174238610     
  -5161.1020456770630       0.62825217107885190     
  -5125.0892999636708       0.97360321034290920     
  -5104.7599861606304       0.63745342753703160     
  -5090.1625917649353       0.51186448767420034     
  -5080.1756642609389       0.52627337380896477     
  -5020.5211860086274       0.75777051894652592     
  -4691.0953589696510       0.67996995111290648     
  -4370.9555184761548       0.50564221911871943     
  -4277.1357514064193       0.69157153183910736     
  -4160.4410265411070       0.71053489934091019     
  -4091.7587969337233       0.92742235902818637     
  -4038.7605630507092       0.72534853291964374     
  -3996.5263245250430       0.60373804225323657     
  -3800.7216536092019       0.92979039767116400     
  -3766.6910022444949       0.96070251357364500     
  -3736.4556786508656       0.50838950035856689     
  -3724.0273668303353       0.60009406586077407     
  -3712.7240753341257       0.78121583335341005     
  -3683.7395974386409       0.51343787086153880     
  -3641.4779508021843       0.62238825155155308     
  -3617.6638902003820       0.90414592629154933     
  -3615.8955106913190       0.53102061665592404     
  -3606.8707057300871       0.81608102730104415     
  -3605.6950291850098       0.74193828356173763     
  -3583.5293385743184       0.91358274452316957     
  -3545.8237489994676       0.68230329265484302     
  -3533.6396813888750       0.55906182741070687     
  -3484.7042947054792       0.82969260938612732     
  -3446.0242712523450       0.77164852112398796     
  -3382.7994390759181       0.97584233029926426     
  -3356.0419807557655       0.54483305827283879     
  -3306.9465655558461       0.94665857423878330     
  -3299.9494844956803       0.69181999768853319     
  -3266.3375998609636       0.93994947594489797     
  -3230.2045829992790       0.59808342312461349     
  -3184.5710423364017       0.99645024205365818     
  -2905.2619032716489       0.84792479869078741     
  -2852.4536879246671       0.51630021143957283     
  -2707.6511188448767       0.65575186844678057     
  -2616.5930998763433       0.65988520838903231     
  -2537.5179317836341       0.66560604749248964     
  -2223.1005218109431       0.52343003069925520     
  -2209.6136296009340       0.60671359886070642     
  -1998.7034313086240       0.95552459141906554     
  -1988.2982256430153       0.55365799250959780     
  -1973.6445635234543       0.56389202529759430     
  -1948.2537006355453       0.98815901513911319     
  -1883.7452886447081       0.84638778904694667     
  -1862.3520317553200       0.83096907691978650     
  -1830.2555853782358       0.88446414843714205     
  -1773.0393511546090       0.69578068600946996     
  -1751.3880608776542       0.90211699961753578     
  -1704.8082917289260       0.68235480278289951     
  -1673.2327994856155       0.79053664343378993     
  -1598.2163579865755       0.53461788454650494     
  -1488.0878029578660       0.60406739513847740     
  -1486.1360087708072       0.62747216676511197     
  -1431.7492064932621       0.65321567526370650     
  -1225.9605463425844       0.80729262631938015     
  -1220.4344991016014       0.97361202784919465     
  -1187.6707864128300       0.88897157231001700     
  -1039.7755779346840       0.51323635909287968     
  -1038.0523078631529       0.64822913362435097     
  -939.76517793951325       0.63015014791454238     
  -852.32122133974224       0.69748262443083353     
  -840.14017442553961       0.79640679522851721     
  -541.70705764818649       0.68696746987963664     
  -512.67767958093771       0.50761728807693385     
  -409.39108587355577       0.97447092944379332     
  -336.34601100712251       0.93942203045529438     
  -316.25508393070595       0.91279282744248758     
  -298.12329038770184       0.93743533930388823     
  -250.12858011584956       0.96008737671672018     
  -229.21909672264616       0.68232567234918828     
  -220.29345953895270       0.98596905307760363     
  -171.28847325209074       0.58971012554362223     
  -141.36819058905294       0.65248116812761525     
  -137.13117877580567       0.54210225233341203     
  -92.658498706779881       0.97464789028873011     
  -85.070317347131834       0.82626559407830946     
  -23.994098356894739       0.91761027430530828     
   80.546987655390254       0.68966104391385818     
   95.675501027775709       0.96112372768480259     
   108.47270339671935       0.85614045051142795     
   146.50897751831579       0.66542054349821289     
   224.42502747836633       0.88343565753416708     
   425.88783700620621       0.74742230296518553     
   447.77495252148930       0.87211605821939586     
   459.35590252433656       0.56552627816834222     
   473.15523209383622       0.50402452047653079     
   479.35446558700124       0.91773096610897609     
   562.37105832958719       0.53589211356678590     
   623.00169646935933       0.88827733898180361     
   672.80086331306973       0.68460372459397789     
   709.83130787949756       0.69190080562310152     
   724.94316748162953       0.77751701558433894     
   830.95646102777789       0.82159890591615714     
   844.76713557852247       0.75381678020280574     
   874.16514721748899       0.91472039827705964     
   921.95696353777487       0.86922207232703430     
   943.05918491231216       0.89234545135931587     
   948.65937568627373       0.95767306012352682     
   1207.5287016230609       0.88461554144886756     
   1326.3029250359800       0.55756961518386750     
   1374.2213779683975       0.69673089746915362     
   1529.8886242779872       0.82924939816146070     
   1566.0286925047942       0.80094761164194150     
   1660.6217708655745       0.94046063875338970     
   1722.0766620064555       0.59708359592542404     
   1768.8941690138804       0.59727571590356054     
   1859.3026956757219       0.64738031627573511     
   1954.7477541148191       0.82898655642362407     
   2090.7113441492879       0.93045792437362707     
   2101.1838306756194       0.57242597965878128     
   2175.4401927335939       0.85130464333593536     
   2386.4548271128187       0.96129935225354657     
   2408.0589535481181       0.59186468838574102     
   2428.6047821482421       0.79730058262110426     
   2603.6753742250280       0.66203772501269409     
   2683.4695069249233       0.96416039805730780     
   2761.6958363608842       0.52758336798764915     
   2796.3460967506071       0.81333608985722095     
   2858.0331762361066       0.85080875448287019     
   2873.2842337099269       0.93206970724830562     
   2922.1528209451167       0.67420034524800587     
   2950.9431374302358       0.97222124447097658     
   2984.1270249271342       0.66164807730562136     
   2987.7588135352057       0.51745360360507830     
   2991.6875331534202       0.53813672592086004     
   2998.3806769329321       0.62079733371217649     
   3015.1663202421018       0.90895097924906698     
   3080.3953671026561       0.98965949149712151     
   3148.7858173400618       0.78828612290090416     
   3167.1187665488515       0.83815764110099256     
   3201.8167460933464       0.85897256207615291     
   3278.2848989147478       0.63035018726319214     
   3290.6277229961711       0.54548981866412249     
   3355.8946772274298       0.61907661107530410     
   3392.9884760336240       0.74412668841219876     
   3397.3096186674529       0.53502745567865218     
   3529.6675824178506       0.80031083053638086     
   3594.3265234550177       0.73840033962522333     
   3831.1317582588458       0.50450094892312214     
   3885.3442884300462       0.69489697344525814     
   4078.2043137195360       0.57725063289284517     
   4480.9009120516439       0.96033029255920910     
   4571.7854461066509       0.93528684921972993     
   4623.7147649446897       0.63880725818804984     
   4923.0500513934103       0.91453765405176457     
   4936.8118929897955       0.80040011026324098     
   5022.9175915186115       0.96431146078413787     
   5041.4571088048160       0.61354836185269468     
   5042.4876176379603       0.84350799783131902     
   5068.0814134539196       0.62738427266134045     
   5098.5971427149743       0.66717186208979695     
   5138.0340787917885       0.87571000161598245     
   5205.4207301313654       0.84576225164752850     
   5230.5932573919881       0.83448776357869048     
   5287.5693088501584       0.60672649628646691     
   5349.2299658021111       0.58116913621283106     
   5377.7142080808908       0.59836854612692003     
   5451.5433005875866       0.88625643957990952     
   5536.2336257132647       0.50898874706812303     
   5588.1416198959960       0.82294332284985072     
   5654.8652500882072       0.68074997353698063     
   5727.7113496225138       0.94194588022088321     
   5755.1460705230002       0.71394279206445854     
   5891.9466019748843       0.62008478604324846     
   5985.1143507005436       0.63221137395923710     
   6217.2427547768712       0.82932895933069006     
   6232.1496073317603       0.61313028088148913     
   6244.1218973632776       0.83878299901060327     
   6297.3418031493511       0.70593285877461442     
   6299.0493606856262       0.97790030557697250     
   6705.7075426536758       0.74197407701904561     
   6724.7333299833736       0.62005120805331193     
   6747.8045451647313       0.66296507952023753     
   6763.7562493272735       0.99459061009626859     
   6803.4628483488650       0.64103278236197270     
   6865.8004068763239       0.93204818607013984     
   6967.3005778253328       0.68588056766861316     
   7004.8791269886688       0.62502889947532747     
   7097.6955241992209       0.86463979630042298     
   7128.6992409712102       0.82892430129593020     
   7344.4436083191304       0.52522022789792056     
   7472.2028514932390       0.56830504294781736     
   7497.3194098855947       0.60311378944879512     
   7555.6843767131968       0.95035660288065515     
   7557.7767295018348       0.53494285346497872     
   7612.8452543605445       0.53997021961887148     
   7633.3896725097929       0.73318753712832296     
   7698.3184846311142       0.66559261025243377     
   7750.8312349125417       0.96336027552648462     
   7764.1589004297357       0.96215452751485531     
   7769.6649363078759       0.52474689486288262     
   7853.0903049830304       0.76801477248446892     
   7916.5295957774833       0.99981703394123955     
   7925.5593644283827       0.63331944796140860     
   7984.6145485080551       0.81559593967528032     
   8053.2375091113872       0.53659723892455580     
   8067.0387802238065       0.83803373647659407     
   8089.2825979132285       0.74654927684104144     
   8234.7880139256577       0.65690413606093667     
   8457.2045596076314       0.54128406623308123     
   8728.2471618819181       0.83266215844201030     
   8789.4086879136830       0.63984898017635061     
   8802.3873679223325       0.95497716257785581     
   9048.5544546419205       0.63055736318098898     
   9101.3614574048079       0.82975404380210327     
   9181.0451931508287       0.67197664748405395     
   9207.3466474565957       0.89229813204851038     
   9272.0178988620173       0.57507479662719996     
   9273.5924209598052       0.62709612490962685     
   9321.5205107007496       0.53279204635269195     
   9328.2078306327949       0.88887204842234879     
   9333.9342783021038       0.64887599610545244     
   9346.0246882803076       0.87395116328772648     
   9363.6255750192649       0.57586318302618056     
   9370.7105417845851       0.58238059554317778     
   9411.9137101404849       0.91876605004608658     
   9428.7292474868318       0.60314851993675767     
   9504.3519910608520       0.78022430454559732     
   9549.6526348664447       0.62937621179076231     
   9566.7421765521667       0.79912590228033931     
   9573.0929927535526       0.56552550441985627     
   9631.2842432016041       0.89399942658704290     
   9648.9325262835919       0.79325962829912455     
   9687.3596130293026       0.66304686134325819     
   9701.5699041344305       0.84039129146193237     
   9776.3415904596804       0.65954133502336865     
   9823.5703042560726       0.84725764415241966     
   9835.8732857228752       0.91868460273426733     
   9972.4942992726719       0.92135044246273667     
   9993.0718376344885       0.65488153575821606     
   10033.093492176517       0.50809063618851302     
   10219.367281280092       0.82625009509493119     
   10234.144479935732       0.82294346700875343     
   10362.526693577945       0.76913013543234410     
   10592.438062282039       0.50836562387553086     
   10836.454610810908       0.70173473151841836     
   10858.676539245005       0.64947264421966167     
   10875.451587237581       0.92691875981832694     
   10922.718631933740       0.81481192177938055     
   11036.798695842543       0.89047715346150325     
   11165.800084267601       0.64210626075024890     
   11199.762170967479       0.92946665222216018     
   11276.626904895105       0.60208283057355094     
   11324.055552660953       0.58453986530122004     
   11354.596736579275       0.77088414722379894     
   11359.765042787338       0.94955531039769037     
   11484.605015971445       0.57785155297438073     
   11494.604412802060       0.66988388233793406     
   11515.701987289001       0.67007161816345462     
   11673.497382058133       0.90301856851679529     
   11685.649173532656       0.81799994303669865     
   11788.893967901091       0.61718060808864084     
   11810.863367178772       0.66646237718589019     
   11996.065474917041       0.86723847053844960     
   12025.087285257876       0.56913781127589302     
   12070.735015807848       0.72606033642998391     
   12077.972534112192       0.89503344050662537     
   12142.254985158908       0.64016208161770571     
   12207.530790988945       0.76261000534184065     
   12309.724114682311       0.72990073868312511     
   12338.008396912328       0.66594162505299248     
   12365.296469657967       0.77916957017015420     
   12400.066353505756       0.57248541591758739     
   12415.240282801842       0.79388143608970707     
   12430.095662607679       0.94744892860182794     
   12439.631108487960       0.82999269970478440     
   12530.237351355276       0.76244782631891206     
   12559.326231589863       0.81369191775653449     
   12646.846926160262       0.77659197787482837     
   12726.631168433161       0.58020658855570761     
   12911.585161246456       0.61998476235381428     
   12996.812784893395       0.52961914420163736     
   13020.811162288554       0.91302855459886667     
   13073.998125458178       0.51426297778664809     
   13188.598022132977       0.87619931547806196     
   13199.081140008022       0.74955097980115692     
   13300.702033596086       0.94122761849814018     
   13525.717182630733       0.50000000000000000     
   13564.663551910435       0.72624528117014120     
   13659.761259739107       0.53109007281032794     
   13952.940363819673       0.51131804970999661     
   14031.339739524561       0.69759502328175971     
   14067.058858702303       0.55514384507249881     
   14227.149142091808       0.86455833243007152     
   14324.438820759766       0.51699732516106933     
   14355.057027900919       0.75338481050871531     
   14363.493201943409       0.61686008332117304     
   14511.468644283823       0.56015889347631853     
   14528.920226608680       0.94612547613800668     
   14583.837823712603       0.83961172244131443     
   14591.779437420249       0.75115575693434111     
   14600.316081685349       0.61172814469055437     
   14602.485952870216       0.68214776519866926     
   14689.377827485112       0.79807646040802516     
   14696.712577554295       0.54197198539556435     
   14700.500030877609       0.79606160662274039     
   14784.837356100550       0.98142484012627418     
   14824.214449304211       0.54302448743588616     
   14884.892165871324       0.82268528378589534     
   15026.863112488958       0.76741283137754290     
   15053.978187731196       0.95867165741407612     
   15103.261644556591       0.57449877822138851     
   15106.706498745763       0.77468828454639804     
   15167.371412484499       0.60940168013744955     
   15473.033524833398       0.54149004285142666     
   15509.397092830794       0.76971263396313216     
   15512.178031319663       0.83582033689950574     
   15624.406880533237       0.57966338430294273     
   15632.368927892967       0.60880806436958346     
   15732.281829990718       0.77396797278197216     
   15884.546723786018       0.67357624193678933     
   15984.270453636907       0.94945891200328147     
   16008.451095905408       0.69036158862976815     
   16169.022037140719       0.79625551023632590     
   16199.313006569288       0.50255683313540345     
   16284.894359516125       0.52816782996693878     
   16306.124732533443       0.55036657671088507     
   16495.960314556673       0.78259670250592261     
   16555.053097045278       0.70236952548480691     
  -16482.790041537348       0.80934624557762758     
  -16252.019018683566       0.54316370513439627     
  -16012.241866632536       0.91768420476225798     
  -15584.106460975056       0.85821544937384286     
  -15041.458645081049       0.78083728791499174     
   16136.545058223652        282.85585022200047     
