   12490.873012006421       0.58905133625906769     
  -12489.793442881904       0.65034303391557413     
  -12434.301955488612       0.92458525687087689     
  -12386.116138393372       0.63526003253808783     
  -12318.267891383544       0.57685203923940676     
  -12306.151349132915       0.87066671813141283     
  -12298.231661898128       0.71146149314457852     
  -12295.595383248447       0.73007439609106450     
  -12284.694079522584       0.68637180276906196     
  -12274.875886737977       0.58468843478916777     
  -12225.483621987054       0.76414006574440008     
  -12183.391563733323       0.55622698138501792     
  -12177.950800929704       0.95797372278227655     
  -12174.113157119067       0.55500430017546198     
  -12166.128820369884       0.96342009202201573     
  -12163.829836633457       0.85042197031210498     
  -12151.205214421740       0.95838131011214089     
  -12136.654281179024       0.67205015185480654     
  -12128.206497076586       0.92522452114210196     
  -12098.246065850673       0.94005257647296669     
  -12087.026421677487       0.64322879928113497     
  -12047.210982103554       0.83241077439506894     
  -11992.069920861140       0.52034367742605103     
  -11981.774705493459       0.86964758434051337     
  -11897.428989173797       0.87873424931437638     
  -11858.000630855337       0.71677585299400681     
  -11848.494623486951       0.91835646604317456     
  -11845.131429070341       0.77007673522532472     
  -11843.726885250233       0.72513029614235314     
  -11840.634823770093       0.80760145874279132     
  -11746.633439607425       0.61570809737746202     
  -11716.726314022308       0.66118921613084236     
  -11702.916475186428       0.57946216512982673     
  -11679.549227906846       0.68626122011807678     
  -11615.551439171575       0.64885488429552429     
  -11554.671979335077       0.73787415182292981     
  -11545.288586666105       0.72371480065136262     
  -11531.187642499808       0.98643897104509615     
  -11522.794292055338       0.66229930016155292     
  -11457.939065130857       0.50240069468065451     
  -11453.962250361343       0.62677279930931606     
  -11425.988122805995       0.84655335992507474     
  -11417.740605742229       0.66955189378023061     
  -11401.630520736637       0.93800817875866738     
  -11310.485290335491       0.67564307600790496     
  -11290.602690872609       0.63094268419120270     
  -11280.874581049944       0.96829940708166995     
  -11275.426358080544       0.80765654958847255     
  -11264.671481618432       0.94641932238751547     
  -11261.091929317497       0.74869427856979898     
  -11245.191524861011       0.58618914459069948     
  -11242.853345298901       0.78152391025277601     
  -11239.670119428018       0.50971958670110606     
  -11198.527547061232       0.99185261499850497     
  -11194.581942539611       0.55732038557349795     
  -11144.135794738668       0.84147059975435856     
  -11069.287495054419       0.56181442796723957     
  -11045.780467680264       0.74101102295200094     
  -11032.390679628090       0.86077733889183827     
  -10999.619311470813       0.92342776912047531     
  -10949.321014923738       0.66083878529156481     
  -10913.517872925004       0.59719008437675802     
  -10894.819410676060       0.95852827223520787     
  -10859.977100526396       0.71580972435384371     
  -10856.733266256228       0.93860090735003254     
  -10831.075345058933       0.64652028504616277     
  -10823.844314758499       0.74699573863513657     
  -10822.462205259386       0.65027893777092571     
  -10808.354757390611       0.75320830712585385     
  -10792.807600339269       0.86582459574409842     
  -10760.054794248244       0.99477833941076133     
  -10757.770882080868       0.63335822138061859     
  -10720.037169944520       0.57123766973271606     
  -10681.684019411956       0.95540461716048464     
  -10659.287754765348       0.92066479447682414     
  -10629.481340454380       0.80336239915752472     
  -10627.660027448366       0.97836045507955194     
  -10607.104908049903       0.51938638888136690     
  -10603.849692671236       0.98277182110664274     
  -10596.408093381331       0.94329184269825828     
  -10550.862962173680       0.99249661340017181     
  -10507.615832056745       0.95370101171799360     
  -10480.972232632215       0.55495009866372380     
  -10395.969034155592       0.93522666655560638     
  -10359.991499484389       0.63220583996371293     
  -10310.984511088156       0.65085915213018786     
  -10282.203802759357       0.77197034516566065     
  -10278.112205201422       0.95989165705284163     
  -10271.426254782209       0.65793443085800352     
  -10258.686152932612       0.97254374882738426     
  -10227.648793679840       0.50281127618747268     
  -10225.994461999859       0.71815247510465008     
  -10212.736210805837       0.73612649645450290     
  -10174.544116712814       0.70219811875924709     
  -10163.210168403657       0.66840014735953679     
  -10120.400859046056       0.95618440879556099     
  -10105.268568150581       0.77678044773602462     
  -10094.529228756233       0.99692269765732255     
  -10082.847951140488       0.67190439136349822     
  -10048.219897258854       0.55906243826948343     
  -9994.0015340002938       0.72801151901618166     
  -9932.4244743895269       0.67228096735878506     
  -9846.6844366064488       0.58836632636979080     
  -9837.2185721032092       0.70039354976147772     
  -9809.7150720907939       0.70776134310190630     
  -9779.2654449255497       0.87446158321788681     
  -9776.3738579640994       0.63197066934448975     
  -9771.6560500139731       0.67465881606813549     
  -9764.8439915147392       0.78363973354991845     
  -9761.9345882243124       0.82816264113133453     
  -9740.4288047445662       0.97513520984691737     
  -9734.2913572749476       0.83053979611974182     
  -9606.5672516780323       0.55176577661283788     
  -9599.6786866090006       0.95835739887040028     
  -9598.2283602137777       0.57021114462945055     
  -9596.2146721274657       0.96605823440028482     
  -9589.8848345146071       0.97061781064839892     
  -9587.1944126871840       0.53599324831027750     
  -9584.6102701083837       0.88944128849363513     
  -9578.9424090619432       0.94854729646937053     
  -9574.3351063389819       0.57363302690817042     
  -9531.7636133663655       0.74568931095599778     
  -9505.7228666719093       0.61272638989868067     
  -9504.1817507921078       0.65934595675374363     
  -9484.2600467779157       0.59173564183054195     
  -9451.3920828137361       0.75023565939087966     
  -9361.2763151845556       0.68140457261928877     
  -9358.8354157151061       0.97491455801129179     
  -9282.3950881088167       0.81286187830050494     
  -9264.0965108096152       0.57219401107036805     
  -9255.5666206749338       0.62591319858225192     
  -9251.5632438425146       0.93779576149210875     
  -9198.3457561452215       0.74361935880305141     
  -9195.3360726959909       0.67383218977190251     
  -9169.2842049690644       0.91675221997005207     
  -9132.8994934734783       0.53692548412733965     
  -9083.5748411103377       0.60733752599833302     
  -9047.7919107428861       0.53890583165808015     
  -9015.6813425368273       0.54302778379701844     
  -9013.0379134106661       0.68188857301747607     
  -8968.3838197153782       0.54458826787413428     
  -8960.1188064666294       0.69581324628531971     
  -8957.4643669187790       0.65860023065209905     
  -8953.4973476288505       0.73944549079895361     
  -8950.3548334920470       0.93221941920166507     
  -8926.1603730014722       0.64597227140590463     
  -8895.2583974478894       0.77152070429352904     
  -8858.1061659727020       0.55492657851989347     
  -8772.7721958176426       0.81678697575519787     
  -8727.9817932275728       0.80064502686522776     
  -8682.3919533153421       0.57049020031285247     
  -8676.2898231432700       0.85968578689683006     
  -8643.7793853677940       0.99737172297747545     
  -8576.0079576156459       0.55350163725912049     
  -8572.2618906068583       0.70732577575895950     
  -8568.3183645531080       0.56586171847208355     
  -8558.0046650799522       0.77566222733046242     
  -8552.7395793553860       0.71997816265301351     
  -8545.4482875943431       0.84115512387937685     
  -8504.9247850564552       0.59874625931512948     
  -8463.4789914901939       0.72017699450850869     
  -8455.2576338822273       0.77996144684153257     
  -8433.1402145870634       0.59093842171055233     
  -8398.1923692377732       0.60697952902070129     
  -8372.9022995677333       0.92629764665616243     
  -8336.5327270396156       0.82867869790116555     
  -8329.1360238348116       0.72702704978599286     
  -8318.4145147853360       0.84206138792891949     
  -8298.1544809205425       0.65848897160931252     
  -8239.2807582043934       0.89952779093671653     
  -8231.3494629734832       0.86050878728376234     
  -8203.5940378886753       0.53853354871343817     
  -8192.2014855859652       0.72279777184747351     
  -8155.0601202504758       0.77163045244279327     
  -8148.9744843276758       0.57256248963433520     
  -8146.3746889401273       0.59601536422503587     
  -8130.7472140158188       0.52162867548297631     
  -7949.5450883280637       0.71893489488893070     
  -7935.5706307666387       0.84492995069737853     
  -7879.3901729368363       0.54221833695206023     
  -7848.4430144155422       0.79265413778379779     
  -7843.8893950217689       0.73428613698981560     
  -7832.3024001711510       0.58995449331295768     
  -7829.8360180674317       0.80016018754474183     
  -7818.3793598825523       0.99113871728542635     
  -7782.4664818952269       0.64902183753985143     
  -7746.1270269038268       0.57019427419015378     
  -7731.1129709353036       0.61554979092399531     
  -7675.4246127227780       0.77345925134680615     
  -7667.2775546953826       0.97717154657490024     
  -7665.4532059297326       0.90973457246563483     
  -7640.2229583128328       0.95387724123380524     
  -7617.5303521178903       0.81150283788240396     
  -7616.0723804093623       0.62305120321512375     
  -7598.3314971068794       0.93525868426164849     
  -7585.0286801460625       0.75154825876036002     
  -7577.4339239961100       0.53496157044994208     
  -7574.8640809980907       0.76008125252364489     
  -7559.0597873318120       0.60092616970898471     
  -7544.4412952129978       0.55637053097003875     
  -7522.3487067293545       0.88646849560829200     
  -7501.3564489406172       0.79127157397382242     
  -7473.1025850431633       0.62498604429517468     
  -7452.7868978879669       0.74703617043374893     
  -7441.0874523208913       0.72795982953404348     
  -7418.7064853252687       0.71778282036876262     
  -7339.9067438084267       0.65519143698993276     
  -7332.7712341581228       0.60962167628308750     
  -7312.2792342390439       0.99878365827615667     
  -7310.5699401645279       0.93617843839438342     
  -7235.6290270410655       0.70011628337800202     
  -7203.0374819927201       0.51374524748281847     
  -7166.2867918922202       0.51061635751696965     
  -7105.1928806073720       0.72172461619617700     
  -7027.2421226476536       0.89949163802663601     
  -7016.1353427910408       0.50508616134261064     
  -7013.8340817100270       0.53507890084679555     
  -7011.1693447170401       0.86306919358201473     
  -6999.8459138288836       0.90552014362379607     
  -6994.3722925764796       0.56004509385368195     
  -6946.2095686421899       0.57383041154618752     
  -6942.6570798942648       0.85298524598923664     
  -6911.7024761234452       0.56878451759867787     
  -6891.8221995025624       0.97395856810641623     
  -6870.0060977375606       0.85991596230470069     
  -6840.9696175622221       0.54794818420294167     
  -6828.9371749272732       0.86304705929890135     
  -6764.5486942821917       0.83570134452689726     
  -6718.7233779483859       0.63744121929114839     
  -6714.3562255930356       0.84620168455696587     
  -6713.0919795677810       0.69022290544133291     
  -6710.2355966471596       0.57657971779752781     
  -6709.1444938367595       0.68705094697051972     
  -6705.6298172553925       0.67220578831373512     
  -6702.7411168100552       0.94448597420358438     
  -6635.1685747509237       0.54262467325669739     
  -6620.9063757408403       0.58021183731315706     
  -6523.6934167959416       0.79703030843428646     
  -6471.1695720290445       0.96678171389213652     
  -6361.9783685875718       0.51565478051233349     
  -6355.8685798609304       0.64819554217819975     
  -6327.2181847659676       0.59320076003348921     
  -6320.2222625476670       0.73095381129626946     
  -6309.2049917914646       0.65684016232104603     
  -6306.6606508613531       0.67718719435063768     
  -6305.4946247393718       0.99549125760998380     
  -6276.1644051839830       0.68388469846977606     
  -6270.8215896596703       0.67850223057413628     
  -6267.3913313925759       0.88600340252082277     
  -6265.2820097894537       0.87933987531235969     
  -6262.3969386933804       0.76735175768027619     
  -6257.8106058629537       0.94584392589928756     
  -6253.4056013312756       0.63074173584376514     
  -6234.2272396783055       0.61909914185783543     
  -6222.2359630516203       0.82819283645522013     
  -6156.6800520299230       0.82970715947891849     
  -6155.6220537469935       0.54418547237982406     
  -6085.9791290952107       0.89882771464358158     
  -6072.6048954325852       0.55431743237760844     
  -6065.3623555267486       0.52197155216739877     
  -6048.9669874136498       0.66831449002313259     
  -6038.4844845635198       0.55663757005834757     
  -5972.6850704452054       0.64827682801238495     
  -5936.8879901975879       0.77429497827210436     
  -5930.9232121917103       0.72214644758967816     
  -5929.1455724834732       0.83348629164913401     
  -5917.6463333388856       0.86132996183922084     
  -5910.0466397300861       0.87383053081205242     
  -5886.0076841303362       0.88440476996342055     
  -5822.4714546134055       0.69815565931707690     
  -5800.6119468570432       0.61137513809724409     
  -5797.9739000564541       0.64000494548490838     
  -5748.9711331462995       0.83710583893991364     
  -5678.6569100479674       0.54629989311653315     
  -5668.0623223559278       0.51035930455446332     
  -5637.4148934482209       0.51413634328427760     
  -5628.1713909488135       0.65412123502765540     
  -5606.5151574106521       0.81084057112783370     
  -5596.0554045517629       0.89348866706651908     
  -5595.0444810304916       0.86527167008034633     
  -5566.2756091958609       0.80460366818072637     
  -5544.1444274252781       0.70940479087815722     
  -5486.3690880072445       0.62163924355584288     
  -5431.6760184179193       0.88409108812334058     
  -5400.8963083431518       0.75823345601578029     
  -5358.2376585860447       0.87210938417856210     
  -5316.6527204904896       0.88437812171554875     
  -5304.2533337528466       0.69314778898254503     
  -5263.8462196691844       0.71087023756558443     
  -5257.0012474304294       0.78508985526279917     
  -5255.6602688487983       0.62001912728645847     
  -5208.5487442431995       0.81700870755738020     
  -5194.4006916726648       0.63794500436022794     
  -5181.2584252117267       0.54825166052516472     
  -5137.8946549238044       0.58195189624046040     
  -5123.4491171104364       0.94825758202458099     
  -5121.3795536268899       0.71237891986779123     
  -5075.3724655927399       0.51869087431298655     
  -5049.4966462425018       0.91207603412522242     
  -5039.6854825835289       0.51924012473010583     
  -5026.5021350172783       0.65857786226593951     
  -5004.9513790286364       0.79377820467936921     
  -4996.4729606494047       0.87006840908852512     
  -4994.4122206242228       0.80885058796662213     
  -4934.4329567053728       0.70133777391288299     
  -4932.9761808954081       0.94273575036198043     
  -4929.2682051730335       0.52920825243946901     
  -4926.9141411475193       0.71480742776297157     
  -4925.2373370159012       0.82288333337517516     
  -4909.1728736296327       0.59782622768289173     
  -4903.7437913228041       0.53221655612606200     
  -4889.6901065948578       0.82734154992021136     
  -4850.2890483717356       0.73003307098617720     
  -4741.8999630825710       0.57431072535265160     
  -4655.8610142393454       0.82156309192620347     
  -4642.7081396429812       0.64620936069764878     
  -4598.6355433462722       0.73185438672801828     
  -4530.9274338666492       0.91795619044486765     
  -4501.0923299884498       0.91650442114139663     
  -4484.7286891685862       0.73207682595839318     
  -4473.0820296100737       0.96101913379832682     
  -4414.3767203996467       0.74228854402121580     
  -4382.6035673879724       0.76732376806359059     
  -4372.0905488631797       0.84040805599615587     
  -4367.7962931937273       0.50473043358229619     
  -4345.6698646598552       0.99748271622188645     
  -4311.4595506165833       0.99710025318492579     
  -4220.8212939722471       0.74512816104864477     
  -4199.5533777133114       0.76465226832300726     
  -4192.6007725030204       0.60957318007862704     
  -4187.8881352664803       0.79942328989798328     
  -4186.3768160850959       0.60352830953243919     
  -4185.1085884321046       0.53861013495610055     
  -4183.7730841058246       0.72306246923014206     
  -4179.8848596172256       0.87356791372720810     
  -4177.1635311186774       0.84059641003440944     
  -4153.9780257856473       0.52539202937189677     
  -4133.3723289067175       0.57323599826424587     
  -4108.4352976497148       0.78204282180663443     
  -3956.2846877505795       0.74900882369566546     
  -3941.9845084732151       0.51200204703999919     
  -3919.6388796975680       0.74326512210724116     
  -3905.0853888423053       0.99002580756727832     
  -3900.2321014283571       0.97436164012459658     
  -3897.6847310974304       0.79269631701131527     
  -3833.5640421531848       0.54980623232000181     
  -3821.9774282175931       0.53292078675002008     
  -3786.6386628826954       0.96646635049394714     
  -3778.7899761264662       0.74931197995594534     
  -3719.4245294507059       0.84460783623913938     
  -3662.5519737565978       0.90493479715207015     
  -3654.3991067030734       0.70210693164776405     
  -3632.8934621468206       0.94447240954647771     
  -3588.7571029521769       0.91593163589286275     
  -3566.8994829357939       0.77573450390933318     
  -3507.8525447543479       0.62468288203026134     
  -3493.0735665002389       0.79333282759873769     
  -3429.4599151015404       0.87056151273293925     
  -3426.7896619238159       0.54825835670562406     
  -3416.4815811302569       0.83551848944806029     
  -3410.3271632272799       0.95983304375689782     
  -3399.8181197080885       0.79176941027551251     
  -3388.0542555938605       0.58705018466839010     
  -3381.9600453188250       0.95986651847257609     
  -3345.1219705789181       0.50170534558378765     
  -3343.6789114538619       0.70322007242135387     
  -3341.3085041640270       0.68368691396138004     
  -3326.5304449136024       0.95150189223698756     
  -3284.7238447440218       0.89202550758074950     
  -3275.6185996853646       0.59754114749838483     
  -3270.0091620646153       0.80023065324865672     
  -3263.4334909662903       0.78928159439659284     
  -3223.2605434174661       0.53056769363142775     
  -3188.1658772224664       0.77636780893387491     
  -3182.1158415628424       0.91360002576006827     
  -2907.4422996646645       0.72534992439221346     
  -2893.3438132598426       0.69747499625979836     
  -2881.8275278526630       0.67359470843251712     
  -2876.6358754882226       0.58600095433269073     
  -2862.4460741510043       0.70965508760060025     
  -2858.4326609729742       0.75651021755556913     
  -2856.5977020163427       0.88349633679526041     
  -2848.1339690121213       0.88887944100726957     
  -2846.8317383777439       0.70173791258644902     
  -2842.5068532689529       0.69602574971206332     
  -2839.6823222873004       0.60622870458592037     
  -2836.9544265024133       0.50031380680362003     
  -2830.9424611744821       0.98334012254978831     
  -2795.6911063515831       0.97064988508734529     
  -2718.2159081250115       0.51182721378341556     
  -2713.1498411702023       0.98721810364570373     
  -2702.1990336294875       0.95973259564419144     
  -2684.3453965020490       0.68083904334973555     
  -2670.1762985751343       0.62850968627830150     
  -2652.8258596933460       0.88406925700329919     
  -2648.1560026894740       0.72675811064045315     
  -2622.4926775059798       0.99912841855160250     
  -2613.7160684374603       0.98990805212078825     
  -2570.8002682409442       0.64621829150538301     
  -2556.2367280585117       0.53479442862922077     
  -2502.8047861027144       0.67396645750945539     
  -2500.1545708323783       0.75014047457479949     
  -2482.2287199920920       0.58800454226860743     
  -2480.7604381071001       0.87841704133097243     
  -2472.5221760574168       0.93632231442636960     
  -2432.5928929332003       0.86404765093160518     
  -2421.3193322343623       0.83160966816624626     
  -2376.2007908659534       0.60151923554108566     
  -2240.2802689468153       0.81651155809736842     
  -2234.6426601786175       0.69995919995605660     
  -2212.9877489067317       0.91614256795713800     
  -2191.6528738610132       0.63345764787891357     
  -2174.7563814929472       0.95183417732731102     
  -2167.9458898514140       0.99073373334304682     
  -2153.7983520177377       0.83596467829142918     
  -2063.7280130975973       0.82536415886203751     
  -2034.4718962471081       0.67618342874393678     
  -2032.3899777273491       0.60002470379832196     
  -2031.0951000756852       0.70078766552184746     
  -1986.5337823301511       0.75103823686032511     
  -1984.1495605747587       0.62223518985500637     
  -1961.8416591231162       0.57725911634077887     
  -1908.2050680558684       0.81594451494883791     
  -1901.0975816062876       0.73841175192256514     
  -1863.1285585012770       0.94014755288369711     
  -1857.7790407480970       0.79237952549616020     
  -1828.5676192259580       0.97361412970147987     
  -1824.4748051321869       0.94979783137118057     
  -1809.2287263054372       0.73019578911812200     
  -1745.7610718751423       0.86455186403792494     
  -1739.0888703431694       0.56437702022064884     
  -1693.0009231373558       0.58993416643157126     
  -1682.7615287682404       0.98969917296961674     
  -1658.6327991434384       0.52138531067307914     
  -1613.1020787588368       0.67876287719797590     
  -1570.0701073315913       0.76430116044363794     
  -1553.6774861504989       0.60657486843704977     
  -1552.2743433410751       0.92371090679743251     
  -1545.8075741092262       0.66399972947974284     
  -1541.2139201619812       0.57373021324585671     
  -1500.7199989227047       0.65783647256947464     
  -1497.9662503031848       0.60435029217582503     
  -1495.5640294392258       0.99102750164356657     
  -1474.8520155718113       0.83976210492314385     
  -1467.4869673228170       0.98962293806990864     
  -1463.9181731125705       0.58275283606480721     
  -1431.7932534375257       0.86498851191824289     
  -1357.6147656243440       0.74220703322049986     
  -1343.5409293188520       0.76694003645288000     
  -1269.1030372968519       0.71789990261164049     
  -1221.3852827096371       0.64292097717778551     
  -1177.0085230465768       0.90746913002002960     
  -1174.0610077711133       0.96664931540744181     
  -1132.4552680736811       0.59063717632677093     
  -1119.3371862349416       0.94712945776235369     
  -1112.5965689380332       0.82677613116245163     
  -1056.0844900222323       0.55269532182209780     
  -960.13765783457427       0.65808208802445145     
  -957.10398373176145       0.74982455913425483     
  -916.13971732207324       0.94626841871363288     
  -872.51378388210082       0.60890767224273568     
  -835.72512596710851       0.84855239447161313     
  -821.35512730998414       0.75775612359943945     
  -819.95002590143611       0.89030094141179128     
  -810.05713204436938       0.94179381228356018     
  -797.74905053818225       0.90944838971828446     
  -794.61977832812602       0.62484860419509780     
  -763.43839371329705       0.50702170885377618     
  -762.44339593614370       0.95282911609743870     
  -757.04379883336651       0.52281012526580228     
  -750.90375017498684       0.51396367479391658     
  -725.68565112410067       0.68503951025598164     
  -724.21833030288974       0.54158675498337649     
  -719.44047191055824       0.78354676075518348     
  -704.06713155938701       0.78861652346905731     
  -653.75751578236759       0.96467548501316269     
  -618.38578151742183       0.69212554332039278     
  -541.60815676690720       0.53772548002147535     
  -529.38511666522368       0.88294940655714371     
  -451.06694466013676       0.75363174522916943     
  -447.72345850750094       0.53621943050652421     
  -443.96895310430710       0.80321575502659925     
  -425.73604661949724       0.54539009172803499     
  -403.81728104523330       0.71344796099949770     
  -356.37725913702030       0.50385924080525291     
  -310.99818939637470       0.84687331753402251     
  -268.86241112404525       0.67802658558069706     
  -253.69146854970563       0.69459359894909956     
  -249.33949403571461       0.75656899868027194     
  -206.93004999061361       0.85032368709245554     
  -205.06945937400016       0.89378641707611761     
  -135.14544083302380       0.73588872659174875     
  -93.060035759907564       0.76635709780082040     
  -88.884773698416708       0.82425271970114411     
  -52.423109978727148       0.55700802301937935     
  -51.065938096913889       0.89112979738573062     
   19.848401915356579       0.52922895705066286     
   22.746063183657355       0.75475821726450876     
   28.623424482131160       0.98957126259879491     
   29.951626645129583       0.63212531556183960     
   31.094290912607434       0.54069026152705280     
   32.768183518922925       0.99914998527870502     
   33.798093569133634       0.93042259071777056     
   35.162815177478400       0.88115804065070991     
   37.316769200384854       0.91795452574128478     
   39.421207824706350       0.63184769296070109     
   43.769108596640962       0.53507874901717267     
   51.096511769969716       0.68770646164333615     
   61.586118067481770       0.78133174293088092     
   68.300936209504115       0.59801479777188826     
   74.407740277839579       0.87016043822310929     
   250.69560379119537       0.98609408283697941     
   283.64544508019969       0.53384391954038657     
   299.45565926025080       0.84231570092170227     
   312.06627320300015       0.78211095659744034     
   334.36733750892057       0.66883561642129719     
   335.42389700529901       0.53366090650226461     
   340.96747775087522       0.61296775346154719     
   342.14423410024187       0.87932562730438768     
   348.95065083560451       0.67282397354726209     
   353.48628184460517       0.88224001075509328     
   469.91053815934197       0.79398074331766477     
   546.50742728395039       0.99695064215511764     
   640.97501940822110       0.97968664657756355     
   687.53792044162208       0.67091354692941096     
   693.68909717332724       0.89607387825714513     
   729.19430476648233       0.54535704929591544     
   734.29767320566327       0.75239117523726662     
   764.35624953756974       0.60949355142793515     
   771.88387666514529       0.67381963768583530     
   821.00679001609092       0.71430630793704664     
   862.39333749035961       0.69961363667228404     
   877.09981643053754       0.94457980675325814     
   879.18084370629288       0.77923783618510056     
   887.08770290874224       0.62336319823257991     
   888.77805687696741       0.68596625278051004     
   933.59462666684772       0.61497185148236011     
   968.79713463783230       0.67135504413209723     
   973.08178386341081       0.59503695351167052     
   1031.5293592900100       0.65935989488542623     
   1072.4950246860303       0.74462401498410391     
   1074.2778845224311       0.65417053516021295     
   1086.2574773009683       0.93819436893217234     
   1099.8244108959859       0.50014936906799168     
   1119.7444390304279       0.76401447304886527     
   1149.3782880713607       0.61298960229693311     
   1166.5256513420316       0.95490788780956581     
   1183.5287698087905       0.62389401299201142     
   1185.6199835303839       0.64801264309056361     
   1188.0608664250994       0.59335143804748913     
   1297.8292734324737       0.69121482723242200     
   1303.9242283684541       0.95219702481701385     
   1353.1347925062910       0.71052784054418827     
   1424.7268157063527       0.92132106352988152     
   1448.1861632628113       0.94270604203121811     
   1456.3582580436012       0.63631516660317256     
   1485.2273485856792       0.67456928981807518     
   1499.7814080331716       0.89188211390411198     
   1520.2810171800083       0.54539872351786922     
   1555.4528592440893       0.69008440726093256     
   1556.7290630386435       0.54056078395211826     
   1566.8402420599150       0.54989304364025504     
   1575.9908136524812       0.60241974684554755     
   1601.2255147194126       0.89371689758921635     
   1611.6025229077820       0.86316423514159302     
   1645.9469082052453       0.88554857134566023     
   1677.3341986058304       0.56417257725303616     
   1688.0852774093291       0.69328852320077861     
   1689.5593494036980       0.59962437980731464     
   1705.1473826568144       0.63801564217979623     
   1706.2231339695020       0.78244712191837995     
   1707.3915885522979       0.97521484038896988     
   1708.8815222399965       0.79313234255782339     
   1760.2709582297155       0.99228420499651004     
   1779.8441001650394        1.0000000000000000     
   1801.4460274959579       0.92745397844882527     
   1820.5766481598318       0.84196565745527652     
   1886.9506438237127       0.80467082935896705     
   1925.0507943901596       0.86726013809455893     
   1950.6238884894826       0.93763433388139084     
   1960.9267233287501       0.80358330796068556     
   1981.2342371841153       0.60048554406639065     
   1992.2198164699159       0.55486769020319759     
   1998.8769182003168       0.89502883316530601     
   2003.6173963752740       0.79930038045463858     
   2199.4950833228531       0.73580225936286991     
   2236.6403547542891       0.97259230542882058     
   2260.0799168156359       0.53838246115991295     
   2273.2634040756357       0.54412089488451654     
   2310.8160301363728       0.77935449137984303     
   2326.7946860678285       0.78882845297852189     
   2340.3659754469363       0.89622004485576423     
   2382.3320711603287       0.62945051132749286     
   2401.2556585283487       0.80367012500538404     
   2404.7722648040262       0.53706228360152419     
   2410.2738350001346       0.80587300483402236     
   2412.7035555584857       0.53792319205650596     
   2414.4761810533355       0.66287416216370210     
   2449.8169223708019       0.77241851621695301     
   2464.4299191802547       0.70708742071681852     
   2472.1241554016933       0.51710049762097154     
   2474.8134366211966       0.98516062345584665     
   2480.7668995736317       0.79201300361699745     
   2537.5137621508138       0.54432625941784918     
   2622.3138979548148       0.69042639107594994     
   2660.1972196822098       0.91292423238303999     
   2672.8066822119690       0.84811108931035650     
   2678.2128211058043       0.79468823795318666     
   2686.9971098623923       0.89381348989382070     
   2694.9145212302305       0.55287977914882547     
   2703.0352137356517       0.82134279758508333     
   2745.7874264920501       0.89723387127244414     
   2755.0021014537283       0.81584993842488684     
   2801.0194951209151       0.90318867581300510     
   2808.4094735545232       0.69640534550898758     
   2814.9318393120338       0.85397043143640550     
   2839.9087587262402       0.67166061380840036     
   2902.1496858479236       0.87400948805522349     
   2931.9312782355037       0.67589999317176030     
   3076.2211230935050       0.85787176392570530     
   3103.0785030834186       0.72040577802179262     
   3104.6109282275161       0.83021908827641566     
   3118.2525150721754       0.53169897473617045     
   3135.8081750682327       0.82822422041427690     
   3148.2936790001158       0.97412348729373810     
   3194.2561640115478       0.80163058510935126     
   3208.7452679546700       0.73786712787785314     
   3230.6892275557893       0.66945680037193378     
   3235.9635597522929       0.56229167206343678     
   3270.6002920065785       0.59411982642267547     
   3280.3089847954238       0.91950635703529560     
   3332.8567543894792       0.91661613763084349     
   3416.1795221835091       0.88395365942322723     
   3423.3426848141012       0.85938810931390142     
   3458.4982502700709       0.89116481330679365     
   3466.1266252704049       0.77950197607641780     
   3468.8085914846611       0.78357498760907218     
   3529.2742097025871       0.99154793379187645     
   3546.2481100374844       0.65142097132480059     
   3553.9622578905191       0.86109573968202402     
   3564.9474778581048       0.56772263987268645     
   3569.3259355332907       0.59453293899365467     
   3585.9973480820267       0.69662847306268594     
   3590.7666538890016       0.89070305470264644     
   3598.3189250189444       0.57542837031859273     
   3607.8568235006355       0.58789412044433464     
   3672.4954549735203       0.56351558556278214     
   3674.2855563372050       0.91579888148679578     
   3690.7616333933511       0.77100710312274612     
   3746.2836890875074       0.72826587348949412     
   3834.1676545785522       0.96546966988675054     
   3895.4878052367258       0.66699041218370891     
   3936.6076601325840       0.99523193289888712     
   3948.7570582772655       0.82344819457197138     
   3961.5162557525277       0.53688707440932304     
   4021.0589079899100       0.81989470529978725     
   4022.9864672929807       0.82792049622536545     
   4037.6318060399431       0.91524425823448396     
   4052.3099681520052       0.97618211559221202     
   4054.1127078551108       0.79761367935362049     
   4060.2187851140748       0.96690057548230846     
   4080.8035410120738       0.54130903191627855     
   4098.7925345753938       0.61572574647557621     
   4105.9296272080155       0.69345988601109010     
   4107.8352124459034       0.75647888146527553     
   4115.2177784626310       0.51707842496321421     
   4118.0510243239296       0.98674001860185834     
   4143.1912853747081       0.85449565539156735     
   4203.7059271816643       0.75203001905099787     
   4214.8874625023909       0.95592338400960186     
   4270.4121062039731       0.92534666125045928     
   4296.7021165248116       0.97213320008501658     
   4300.5785544773735       0.55784548471971118     
   4304.4641073944786       0.75586125270761184     
   4344.5935329409231       0.74748191035906253     
   4363.2323983138731       0.99420180314924933     
   4428.9566635502188       0.89179162134145207     
   4449.2781014531693       0.61097251446681367     
   4457.1303741745451       0.67837715930505160     
   4460.0673926199233       0.52411330931828370     
   4518.9129097275863       0.74108467250235843     
   4550.2334435679577       0.70012329126522754     
   4605.8659237959646       0.56626056924680479     
   4626.3275832340760       0.85452472340011354     
   4634.7582134004797       0.66375651080319287     
   4662.9568243284657       0.90890172949842363     
   4676.4389760898730       0.93829480349283856     
   4709.6718086286992       0.66987798553373668     
   4741.8392951692904       0.63439625882159356     
   4750.7395882459841       0.88263065210096037     
   4778.0444440298061       0.78428595782100741     
   4795.5348454743207       0.70789113320629671     
   4816.5861913534582       0.62688250360415865     
   4843.1683503963068       0.62304635978873291     
   4848.9065537374481       0.73564953789565013     
   4858.4189062267533       0.60705708157793903     
   4886.2031432751355       0.55677558164271457     
   4931.7928930398848       0.97553489409667127     
   4939.1395341297957       0.83348297704339180     
   4962.7872005270538       0.90320246733281062     
   4971.3726108935953       0.54435773374263219     
   4980.5435746092662       0.85410545211027877     
   4986.0623203238092       0.96483810614263987     
   5008.2557727846233       0.51834038502696733     
   5066.8251287525372       0.85483151041195571     
   5119.2507180347729       0.50996246781260002     
   5225.3556388783963       0.96144996175871755     
   5244.4274980945238       0.93913909145833308     
   5246.9007050362579       0.83089773505226561     
   5270.0032739605294       0.53963964349920135     
   5294.4515192392573       0.75948678008103376     
   5342.3848650461041       0.76985074206587378     
   5347.2949867744292       0.94138167974956377     
   5352.0173274325653       0.94708417432160374     
   5356.4968077148724       0.54182279364817154     
   5376.0279361872554       0.76652525485738265     
   5416.2520093885496       0.55842150998606666     
   5453.5993821532848       0.97730245518427694     
   5480.1005045179745       0.79931494572352679     
   5483.0560089993396       0.97351157514458397     
   5529.1988524010376       0.60230063550313695     
   5541.7724964641584       0.88795334621379951     
   5566.4252730905246       0.97701503527551148     
   5574.3763156604946       0.67594135186150406     
   5595.8591994877152       0.77696099326708079     
   5630.7449204620571       0.92921927589411935     
   5670.3817059038729       0.64193043218916168     
   5684.4061898313439       0.71747780549214057     
   5688.0963006866477       0.92541187073385522     
   5694.4328663043243       0.95800708769059806     
   5697.0915812993389       0.88860158667520150     
   5700.8400284425852       0.66016271664365733     
   5762.9405601189019       0.53113399340961043     
   5822.8566206667783       0.89886318157423351     
   5828.0284508034920       0.75125349798812457     
   5850.6590712607995       0.71746857473454728     
   5865.4706502715389       0.55867440286047343     
   5882.4532944823422       0.54858063562696058     
   5918.2724377255909       0.96611863627064953     
   5920.8928194308437       0.64048559428461871     
   5937.0190540528602       0.82775031060803250     
   5966.8956602525031       0.66405564629065073     
   5986.1130372026400       0.90300912897920549     
   5990.8155424084034       0.75925446850982925     
   6002.1237886952458       0.50689720623272638     
   6012.1365847600255       0.50178333473326087     
   6017.4914636225303       0.96197008522808336     
   6096.8492703665543       0.78979648579167316     
   6110.6316699737217       0.58584539817171488     
   6125.9986151405383       0.99215068523970451     
   6129.5119718299184       0.64483427145827343     
   6174.9133379159421       0.50184441421113624     
   6204.2715141561439       0.98930315933119395     
   6224.3358809634501       0.73680974805724875     
   6230.8221281718270       0.80718279229509238     
   6293.2229505268560       0.71616594033020986     
   6343.6640765915345       0.55519783523386035     
   6349.8866686606852       0.65916040449448654     
   6351.2385359787277       0.78648788021487870     
   6369.0720980988644       0.94446391182242972     
   6408.0113080717019       0.57290032023537873     
   6636.3972559206086       0.63302246323427369     
   6658.3330544498958       0.97873818267216439     
   6675.5035441139908       0.60050599485273337     
   6678.9903288641926       0.90003893063298890     
   6684.9086351748010       0.69922289665955195     
   6757.2541521646262       0.60197110376543450     
   6770.5474540884125       0.91877523999824151     
   6774.8826653982796       0.89699456162914615     
   6792.1941737194511       0.87461157659202549     
   6821.2498138019300       0.76263877374488365     
   6883.0276588643610       0.98050704890492413     
   6891.9303996079379       0.61709287762657972     
   6894.4749689285645       0.82146261941832810     
   6916.6991615332772       0.77548018676533470     
   6937.6022494395065       0.77788579915748768     
   6945.7955764741173       0.62986525194303900     
   6949.2737034918582       0.84985153063954177     
   6957.5111193351458       0.90783919196744589     
   6963.8354442639547       0.85956679206047182     
   6987.3038151873334       0.77467309584537170     
   6992.3808562607046       0.60677773550635850     
   7012.8594412883340       0.73285078813461402     
   7027.2310127813607       0.59699107610908630     
   7030.7156731861123       0.80033602398883530     
   7037.1471273119723       0.53426124582954349     
   7038.1634505263264       0.80891848437643299     
   7072.1184742683508       0.92594805654061596     
   7100.1631975904247       0.70566038843782619     
   7117.2985820141339       0.98659763195535377     
   7164.9588220858586       0.64439825231193160     
   7261.3642268485210       0.78828204104022848     
   7296.9935822125071       0.50287003219369897     
   7299.5682131037629       0.56037255976327238     
   7322.1694426230752       0.64022503733988545     
   7329.7940949031263       0.96102726277642458     
   7357.6251391538772       0.93280072797243074     
   7380.1763432731786       0.71516962869788769     
   7384.6857621201971       0.89924705660968118     
   7444.1772852875247       0.88053672617347456     
   7511.4030215872563       0.65287164544595921     
   7578.2074562066882       0.90923258778335525     
   7592.1572935980575       0.79960730258070956     
   7598.1891476215060       0.74614507706887701     
   7647.3840347101459       0.71973911977357996     
   7653.8877898098544       0.60578985036830957     
   7657.5708500123674       0.75548490748811103     
   7666.2038692527694       0.74346180527565275     
   7674.2628024192036       0.92307551342704752     
   7688.7248781633971       0.78501653072043620     
   7695.6628156923789       0.99030983710734766     
   7838.9390566012762       0.75743376406742025     
   7845.6027185680177       0.70625803901414452     
   7848.0114217973760       0.66611125267032834     
   7849.9653110779791       0.51275692151087182     
   7854.7405500132309       0.76169710321875583     
   7857.6554714759213       0.78280170528248605     
   7863.3420843529639       0.73771698980681399     
   7868.8391454439752       0.71778806030891307     
   7874.4497095556844       0.76595200066406299     
   7878.2674823698671       0.69502935922631004     
   7890.5884847561347       0.72593905876640696     
   7892.1219735703289       0.64275261221692859     
   7918.9933341169390       0.91912341119928276     
   7971.1082631467580       0.82755013585556947     
   7974.2090638266654       0.61355028651891863     
   7978.1696874149602       0.79703943764664520     
   8093.7206985794501       0.95225706662952792     
   8157.1261596086433       0.59799852906024231     
   8235.2108901170341       0.92399876281772697     
   8340.1060452164184       0.81341656555448616     
   8345.2007283694402       0.66986032717282240     
   8352.4218896384173       0.95773263955140975     
   8358.6846987535118       0.63082787660126793     
   8370.9252987885920       0.85142273485278741     
   8380.2291271995309       0.50554670435070270     
   8391.0557175933700       0.60294864251055069     
   8410.2585100396118       0.66261790485152550     
   8419.8045887870685       0.62825183526748374     
   8431.2750994605667       0.89274063432982698     
   8453.4204092674408       0.69300879333263743     
   8496.2037848318523       0.86012334554041914     
   8500.0488219505296       0.67651895906469284     
   8555.8863942572025       0.50304264786671660     
   8567.1853389958524       0.79854628661761340     
   8580.1926223819501       0.96542387977673494     
   8660.2950471059685       0.96982156111803719     
   8700.3623041604606       0.60618559215186785     
   8705.0298020764694       0.72735856051012937     
   8718.6085241155670       0.85688003391206691     
   8723.3399437818643       0.70767511806593364     
   8726.8119558802955       0.81056434609148575     
   8732.7976254171117       0.92410177620644940     
   8737.5997017540703       0.77430072880421152     
   8747.6031955594954       0.98363467863655873     
   8801.8966737293467       0.89866348963231235     
   8811.4122380625613       0.87628236150098060     
   8862.5618872088526       0.55337039531576460     
   8872.6679959010271       0.73139949888616629     
   8877.9163134364717       0.93858285417706833     
   8881.1489632843441       0.82440559227263221     
   8912.8512178458805       0.56667121159774048     
   8993.9480399679524       0.66112292781127757     
   9081.5203323498499       0.56585331760880597     
   9135.3417469748565       0.61237658961806263     
   9140.4046796886523       0.59511542980841259     
   9205.2417578347940       0.97043770097305104     
   9206.7004108548335       0.51643225428226391     
   9263.8377778669801       0.50799288471198722     
   9279.3564747644596       0.57795326682644210     
   9353.8089153875826       0.74838062501999569     
   9364.8135325060703       0.54152827181732988     
   9368.0108481019342       0.77100592339407448     
   9370.2038221099720       0.78399783322669914     
   9427.5204313407139       0.97556416243481425     
   9509.2675152088505       0.65241096981812019     
   9526.0031206329877       0.99952044768535642     
   9529.9706886880340       0.52943490520477676     
   9553.8815355125007       0.56415290492575654     
   9557.8675991484688       0.67403085421300235     
   9571.2381428463123       0.60437812161326665     
   9585.4172941825800       0.77665100185123037     
   9612.1030613623934       0.57452232900418587     
   9643.1099285019172       0.81873326877227404     
   9664.9589374674870       0.64620031429428881     
   9685.3154456409811       0.64445094252672952     
   9701.8023714652409       0.66196969254798466     
   9703.4559252516083       0.91594830075686495     
   9728.4605496282602       0.94509489115782797     
   9740.0706457893266       0.54830551603495303     
   9743.8545561312421       0.89577185045487617     
   9763.3805859841341       0.82794533294416883     
   9785.2839986700983       0.58050306549765829     
   9826.1871100108201       0.83853839027882093     
   9828.6478335860756       0.59580301737637675     
   9845.3408472650026       0.73892491623072076     
   9849.2114376103455       0.93620262892426598     
   9856.0227054609786       0.50974658670164208     
   9857.1029287733982       0.53639083811112054     
   9940.2510819124018       0.54407398793470851     
   10017.914538206100       0.52172113578849755     
   10087.151417230178       0.58093351625053402     
   10089.776954600469       0.78473515332709454     
   10116.039333022974       0.98935672469783986     
   10131.414810718150       0.71552313673369417     
   10157.372971288387       0.98221569313750945     
   10159.350943874762       0.90527408181472402     
   10163.274420037955       0.88058071226448098     
   10165.820870302436       0.50330008458559938     
   10172.579324987533       0.59025780133719652     
   10196.823479457733       0.68519646676919199     
   10235.014662262580       0.76984314358701200     
   10248.845388349146       0.92311160995583175     
   10296.129179352056       0.84691494426338809     
   10303.407531875366       0.65065010074297913     
   10334.069231308787       0.72393571748529073     
   10426.178090880110       0.76564748280080719     
   10441.146340641180       0.72348607604140713     
   10442.672496220117       0.58367461765123130     
   10446.717974848687       0.53672094534884474     
   10487.796125590543       0.86038064607522369     
   10517.938351941335       0.54766654317975949     
   10528.347333895983       0.86161623619835015     
   10550.695169924342       0.90509383135080157     
   10551.821243113845       0.77357403021642202     
   10574.783472131146       0.84216502072149713     
   10594.225995856192       0.85524868982611690     
   10605.797211208372       0.98319236875463878     
   10609.139509874294       0.97899427667143035     
   10618.466493602122       0.89731927621440111     
   10651.886493608279       0.57645663009496795     
   10771.514850717274       0.51794475841505527     
   10804.142844393456       0.77921894995604413     
   10811.930745210526       0.57836934356642666     
   10846.167888796392       0.54150571998460695     
   10863.000809801413       0.85537110655725568     
   10874.899830382654       0.79814747708379519     
   10960.745991212450       0.52887379153797409     
   10974.095961859392       0.72426864825636250     
   10985.331225992782       0.76333488277838635     
   10987.357967014228       0.95444525060758822     
   10999.312604561737       0.66331103353693988     
   11062.990062001500       0.97544117838056299     
   11067.028372562001       0.53905366418194700     
   11113.496641110323       0.80339486871207877     
   11132.327307770360       0.56964173310803357     
   11144.448451193195       0.75140652539901576     
   11153.160710493257       0.76420472063627665     
   11221.815543030654       0.58173309071069912     
   11229.592018975687       0.60209892464437720     
   11231.314657030727       0.86948497814925985     
   11242.372949760516       0.95536827946767666     
   11248.697539195202       0.54869551778101178     
   11255.235574933060       0.77073530795410516     
   11266.037278644189       0.85626326948964693     
   11267.224737530920       0.54697800732566948     
   11354.824187824412       0.82858178441505692     
   11399.451846658598       0.79101931847146190     
   11445.439193515762       0.95237081795019518     
   11478.602539715794       0.65305759438866184     
   11531.163118101867       0.83628162355099533     
   11538.095788095581       0.72877303831786466     
   11607.576418046268       0.63194537239171111     
   11678.623639009435       0.95551824625358461     
   11723.855687587104       0.92736678824552099     
   11780.731635383141       0.96802281569214099     
   11802.970613783391       0.51695038667587245     
   11817.733574003918       0.73711486174668661     
   11858.079306818170       0.78466189822398746     
   11864.421330462108       0.71057995565335608     
   11868.172432185136       0.88684660814758021     
   11876.133662450342       0.97284273094759566     
   11883.767081191134       0.86615487116130174     
   11895.951988783487       0.76404638017374882     
   11963.146732962385       0.59343797169543056     
   12024.065665281705       0.82188224289839940     
   12035.590670916063       0.71418892112532861     
   12051.906152417559       0.93582847788539303     
   12059.567463943722       0.79426969888671006     
   12070.559643932447       0.99937754878172724     
   12128.124133877833       0.72893419942951465     
   12137.002831227230       0.70181629973496218     
   12198.734819872745       0.79789433976228363     
   12217.476380515023       0.56251410027598392     
   12229.552224776040       0.52437690506439005     
   12246.817454989117       0.74777353766801202     
   12269.217543938979       0.53130244414456207     
   12271.073721141869       0.78077708828576176     
   12279.256716680893       0.99850953984425217     
   12288.159056038105       0.54641946698282406     
   12300.441772907197       0.64377311682115435     
   12315.525432378761       0.55656700750120036     
   12333.371510410912       0.86080731144761424     
   12360.899537794199       0.89315093805820256     
   12372.702402152952       0.62970164453644917     
   12378.469434947347       0.96129432351261601     
   12384.835550694488       0.54873476242801089     
  -12495.481449467970       0.98204744274158895     
  -12416.965913173311       0.64540612821379728     
   12414.688170699386        680.64150807740214     
