   8171.7246446279460       0.63157610076133741     
   8176.7709431787498       0.90278416661991023     
   8188.0456545771540       0.65213284040268849     
   8228.3640615361310       0.82663534986104048     
   8298.9533649477380       0.83372834002272778     
   8329.9323601831056       0.57030628744866330     
  -8266.7788576141302       0.85461826406415753     
  -8234.7725293174190       0.99563490415327860     
  -8171.2659462571864       0.60140552468959518     
  -8132.4778349476155       0.92261357673340072     
  -8072.8582611793927       0.67820321394790273     
  -8067.9414558198541       0.66474073736168315     
  -8041.4440019550684       0.81337275269016074     
  -8028.8468483107672       0.94215447655416495     
  -8003.1095902806846       0.72218333671757939     
  -7971.9732728710069       0.83533982274670771     
  -7964.6193174563732       0.81201247485933481     
  -7926.7048348704384       0.96980192377173791     
  -7881.4962075161548       0.99528205943364478     
  -7838.5188275045193       0.65948988691340205     
  -7828.1996659864772       0.68201612485743746     
  -7808.1904604595093       0.99769309058283329     
  -7788.7823054654573       0.94991263218507127     
  -7757.2884544594026       0.56401543031150347     
  -7756.2751181694766       0.58697281025482306     
  -7695.6970033428133       0.51651185192164928     
  -7676.6312447747732       0.84573978031112484     
  -7661.7580303387431       0.85019170383984466     
  -7627.0949918633423       0.62227317471777532     
  -7574.0072556201249       0.79763464122707317     
  -7524.5879882716763       0.82988165134360325     
  -7503.1920291247134       0.60628764439958027     
  -7490.2583546440810       0.76206894195158636     
  -7420.2305456684389       0.58503556502772469     
  -7269.2617670364252       0.80705734777395399     
  -7187.6244777211605       0.69672705361563392     
  -7181.1415542460354       0.95784029951009930     
  -7088.2282855033509       0.50826693237888698     
  -6934.1011238624051       0.76394156861377482     
  -6896.1979625719023       0.63230998405275607     
  -6890.9250379996229       0.63953207871597395     
  -6849.9144719426386       0.54047147883770774     
  -6838.3575020553235       0.59536323065361840     
  -6831.3148023731956       0.85380819728508983     
  -6813.7283687948629       0.85179593896060879     
  -6785.7327932342769       0.91493545442335755     
  -6780.6057970017437       0.84226463330175771     
  -6733.8771724381040       0.94819238124798744     
  -6668.7005270230511       0.51390460328859888     
  -6659.0340089206529       0.54017908505238710     
  -6629.9933679829064       0.65663534159759729     
  -6620.3730326498808       0.80473275968273161     
  -6590.9809819961993       0.94917770266906709     
  -6583.2274991438708       0.75358032985475421     
  -6553.3410541825615       0.94466715294928849     
  -6537.8597687408819       0.60899136970883405     
  -6524.4039765188363       0.62004537224473111     
  -6502.7372149029316       0.68153362575135357     
  -6457.4444281892283       0.59707347182993331     
  -6434.6692866463491       0.94148986919021316     
  -6406.9072109140916       0.71961019250438840     
  -6377.4878456310107       0.67830111726078979     
  -6308.3446066020861       0.79771875147937188     
  -6270.6742376189241       0.62689391208880840     
  -6249.7491342084286       0.93730468745237461     
  -6237.6105579117448       0.96700146606049375     
  -6236.2597997608409       0.79419516587811501     
  -6194.4405199824487       0.74544809318188077     
  -6189.8019783411237       0.68829900213192730     
  -6188.5550556933122       0.94876427896681614     
  -6151.3983254351497       0.67722018587351762     
  -6078.3778802622082       0.52635211195797416     
  -6036.9008846502365       0.67635607228228922     
  -5996.7734281541889       0.81797564801939282     
  -5886.1216683357034       0.92633064902011042     
  -5880.0430144802549       0.92928294298570635     
  -5877.5271383498994       0.89887365868583580     
  -5866.1126236024884       0.53259431930029022     
  -5864.2584502241207       0.92825890801105415     
  -5862.5282968437577       0.67310148281713211     
  -5811.1933128998908       0.75322367972954951     
  -5798.0547165397329       0.51276870409475794     
  -5722.0510961725540       0.80853110699305308     
  -5704.4632352977733       0.63859624024381290     
  -5650.3640434014342       0.93815815046134166     
  -5639.8295891502466       0.76082020723375254     
  -5595.7110486615084       0.51822300487438333     
  -5524.8092210493278       0.98194360850248052     
  -5485.1714173687478       0.74880942438388087     
  -5467.7138036517781       0.75097666496421300     
  -5392.3838945925690       0.88391645306997568     
  -5361.3991173130999       0.56455455499681240     
  -5167.9073104934669       0.83727327607913848     
  -5095.5620569776665       0.60407271901303861     
  -5091.1252764722594       0.91370266497094166     
  -5085.7914051789667       0.92191445197155286     
  -5059.7328751072564       0.91319509055708026     
  -4983.0188302826446       0.88385802526109392     
  -4965.4577717784859       0.78897041031393034     
  -4938.4190819271525       0.81193931503111938     
  -4929.8364503913763       0.59780158888436885     
  -4910.5631539084334       0.52089522915477948     
  -4881.2668531683294       0.97966771519908968     
  -4848.2704727027067       0.63726257330785918     
  -4839.1088382569033       0.90305218889647521     
  -4818.7957101550246       0.98083957990955239     
  -4770.5275974100705       0.62506130330361831     
  -4746.5012336727677       0.96488615610467943     
  -4734.3235174818292       0.91996436143175153     
  -4713.6009474574084       0.71248247357277661     
  -4668.3910926411409       0.64443830188746065     
  -4664.8139309947883       0.72083222116202827     
  -4626.7896131126781       0.99544049870482887     
  -4557.5358462831673       0.92911216552383380     
  -4535.5425797350890       0.62105390378296010     
  -4499.4148048406032       0.79375088321449749     
  -4492.2920353594782       0.79867959937483490     
  -4480.8560395652485       0.57926532837529743     
  -4409.6689011250728       0.98092156855952373     
  -4355.5268394196391       0.81643642300144670     
  -4348.7378464895319       0.88160444492468137     
  -4338.8413884347492       0.93450195375354084     
  -4329.6929305163922       0.76920273049694388     
  -4320.3916430271729       0.75190656725056548     
  -4316.4892557496951       0.96368602415357052     
  -4307.0129155802224       0.62615100370222487     
  -4305.9736792629938       0.51751662534725318     
  -4272.0597019705929       0.67586549020064035     
  -4225.6132873427996       0.73686436034398206     
  -4214.7296154128835       0.69126722593604928     
  -4207.3345253718835       0.68553575117860499     
  -4199.8470540292246       0.79610602721384660     
  -4182.5930607455612       0.57182262289661312     
  -4163.6108285833780       0.54979425067578258     
  -4117.4518417336203       0.86581383033055670     
  -4096.5209769971725       0.60307717136716510     
  -4073.1335958966006       0.91637403289514630     
  -4051.3967717344362       0.57236504601181049     
  -4026.1901554294977       0.97039189891653421     
  -3929.2446507939076       0.62723538327739869     
  -3900.2501768579455       0.74053581677584168     
  -3861.6416736147271       0.60915368042677120     
  -3825.9345454890608       0.99268965688731770     
  -3611.1226704087744       0.85356902870420026     
  -3595.9833071943376       0.59836766782847450     
  -3540.5689850969870       0.90907369750029410     
  -3480.7464612146205       0.83074278013068803     
  -3443.5965436755700       0.53221672962427979     
  -3423.0442807208383       0.74984519989873022     
  -3310.5061015865263       0.80144401872039361     
  -3159.2119891880561       0.56638022651687236     
  -3155.4209616569869       0.70546556920788528     
  -3100.9274948836282       0.58804372341456979     
  -3090.2129265603367       0.70120735986141325     
  -3064.2707267568421       0.58090014382613431     
  -3036.2566817283609       0.72703514823810067     
  -3034.6772891860178       0.93106580312720433     
  -3026.8422557915005       0.86048027720663611     
  -2989.0888393982291       0.65682972594857858     
  -2987.6130575727821       0.78611702542641460     
  -2911.1526242391851       0.80203985982893944     
  -2881.5520009911079       0.94224663581911572     
  -2878.4929707873143       0.99840464365690884     
  -2862.9833625171568       0.51297114294540447     
  -2854.9757615783728       0.92618261352785214     
  -2809.0169186502999       0.56991763395592465     
  -2742.9610739965551       0.54877256236491578     
  -2656.4068399427915       0.56812536520815449     
  -2620.7595803081422       0.90734519774562739     
  -2542.6061727389238       0.97350375573963477     
  -2525.9613535864805       0.85049278556420305     
  -2514.8487730438678       0.52368525367650731     
  -2503.8934161043517       0.85460585133663769     
  -2482.7350366120695       0.86125613066268303     
  -2397.7679936087757       0.58732002040153364     
  -2394.7247113232247       0.59603386753101750     
  -2362.6543906898460       0.58422641563600930     
  -2271.0966153044928       0.81117102757548709     
  -2197.4041270431326       0.66862967280673613     
  -2083.3847149378630       0.78383829390084736     
  -2019.2352107816523       0.94222425020335510     
  -1950.2909341734733       0.91685015450562657     
  -1895.9237305108570       0.53403236475113824     
  -1884.8609661669173       0.77716406353060485     
  -1858.4112912452681       0.53663169810207068     
  -1840.3607310305179       0.60660100665929440     
  -1838.7313772204952       0.58538041878043479     
  -1797.1103175473722       0.93052360807070522     
  -1791.8169479560627       0.54521861215808476     
  -1771.5708763371222       0.73230202201616068     
  -1768.1974571319088       0.88174892202908217     
  -1756.0196739411906       0.92580550126528227     
  -1746.8675244244475       0.64622158720491574     
  -1740.2490097314655       0.62793922300894645     
  -1719.8299391722317       0.75910520437718754     
  -1711.6588674039965       0.94710333491261300     
  -1710.1704251835724       0.75132018994016470     
  -1698.9628164104956       0.76527432061628786     
  -1667.5180115572814       0.68701479981805691     
  -1657.1358575194763       0.80415283295465056     
  -1608.2478240684525       0.69362881359216755     
  -1603.3248146480371       0.55807816771954033     
  -1593.4283104527017       0.51583883747057380     
  -1550.5193266928529       0.59490803494901101     
  -1533.9167331605820       0.66961981088206313     
  -1508.9096728947600       0.68122852740659845     
  -1454.9855386676702       0.89274928558391375     
  -1402.8633211584097       0.69230064720819218     
  -1369.7808471552814       0.98209414698110342     
  -1233.4888416990013       0.76910788695880239     
  -1203.1338030085594       0.90472780919613993     
  -1173.1978670149867       0.54097499149587713     
  -1152.8288042755564       0.77726626574832014     
  -1005.6106033519618       0.84449753929713622     
  -988.50256015317029       0.65069369216611594     
  -929.77155522650628       0.80112020740259171     
  -927.73880899437484       0.77397936057514538     
  -890.75459457055319       0.62254533160632075     
  -870.75591004992202       0.61940584973288504     
  -865.11579715719802       0.96397791064083627     
  -856.02961879249813       0.85856776283367020     
  -850.92459893547186       0.65454731124756838     
  -837.78299480840462       0.70087081898258052     
  -830.26868561425624       0.91125299089118161     
  -827.78369648196167       0.67211180273222804     
  -800.06160420897186       0.91161483848915392     
  -697.47716627877219       0.94825711919929023     
  -673.17922474707098       0.94291914881165806     
  -642.96631656175498       0.55186663651409174     
  -641.42614715141883       0.74593034019275761     
  -619.45626841702040       0.56013901878137817     
  -610.35046355419547       0.91285697663022369     
  -518.99969745612748       0.96430599340876055     
  -493.04224394269579       0.66916868284273368     
  -437.72558327217274       0.76628083157639970     
  -408.49308431556221       0.61197409582899764     
  -371.84594205276721       0.88059707922197117     
  -295.26880617262719       0.63950809911414463     
  -269.57485514013712       0.79926300503838399     
  -225.68891345431092       0.93305368289603496     
  -172.27060173415779       0.76398032126859172     
  -169.86962174477878       0.61866578304293984     
  -162.28844709747585       0.93246571199768702     
  -155.30587340127187       0.88457068338349432     
  -128.14614383991545       0.63042459314685317     
  -107.03641880114053       0.65598981912751586     
  -98.964544945200288       0.59440190659730785     
  -68.490778978248500       0.66037821280883602     
  -61.795998096924990       0.90043608241993456     
  -42.581375363455187       0.60046132688811649     
  -38.438064542987327       0.91580344007420333     
  -27.128999245556539       0.90516012922368938     
  -17.169729143371271       0.81538577709062088     
   5.6628266819743400       0.78371532402684374     
   33.845349461605821       0.82434685204068214     
   41.467030465832984       0.59592894211514902     
   48.283227789631027       0.81648033656768004     
   69.997730502833974       0.96094102767369149     
   84.282629829480271       0.97651547741999545     
   88.102007071784556       0.91730627894028405     
   92.007783959323419       0.94387038267490020     
   115.70860286132763       0.93962852799324803     
   121.57776779730618       0.83807404199414393     
   134.39754011259458       0.59769575342617243     
   173.22329570460710       0.67580136267588398     
   242.09965856893828       0.87764204144597147     
   283.15564939017287       0.53747321256631353     
   300.60983135847709       0.69916696082389540     
   304.29321104468318       0.58708376453690136     
   310.60579236956636       0.61431947867865500     
   352.16593590564247       0.97495413016648169     
   464.37113211142974       0.74273652426938530     
   557.00325421194714       0.53480005947327280     
   581.73272949166471       0.66583764034591753     
   657.02084815740182       0.93468835203932654     
   672.69099237904902        1.0000000000000000     
   704.12969470763051       0.73458127864454248     
   709.57826131283241       0.82984067574473386     
   774.51582756951734       0.63911933375995256     
   778.43375279312124       0.83305139947260409     
   794.28758047909230       0.78163512778376576     
   795.79946223841057       0.53280898479565331     
   826.25842957977511       0.95634851230687379     
   854.90299037992816       0.87779929373092003     
   948.26782249414555       0.89454899642166819     
   955.54134905195008       0.78541394661934838     
   966.86221590277455       0.92442329271736667     
   973.48383062355481       0.78029325902191438     
   1019.2992791485627       0.77210947918095074     
   1029.0655370073650       0.86522312824101211     
   1134.4852585508349       0.91743524282754652     
   1176.6929227554997       0.63364408385005855     
   1187.6226844709533       0.52288487911326820     
   1194.3201519782599       0.78222403684504205     
   1202.8894240349143       0.66378792957194366     
   1225.8167624762295       0.67484991722132104     
   1276.9138746455710       0.64883315186942425     
   1315.4521881496837       0.77140404764831239     
   1326.3225998067057       0.83292717861171095     
   1354.5559487927346       0.85568104685127555     
   1369.7247464076493       0.58820398359837400     
   1409.0279170300626       0.76617760887161401     
   1411.3883189148710       0.51210843446299592     
   1414.9695074798124       0.74627244133511406     
   1420.4185961866197       0.56407301873804172     
   1432.3742039546535       0.56296216751693040     
   1452.6933456260072       0.89118869268904399     
   1575.0289714616583       0.51288251346905822     
   1665.6481849290246       0.87810493127266387     
   1706.8311289694677       0.95942388120854649     
   1709.6266824751945       0.73828620405987821     
   1720.7917286661464       0.82739587176958573     
   1777.8139927893092       0.71153206813647074     
   1848.9662533940266       0.80013730270770134     
   1889.3081382082426       0.78538322449377629     
   2001.2308911410596       0.71938251071229553     
   2226.0044122820068       0.77856409586614161     
   2232.3932307131986       0.82336147660778047     
   2262.4648762744841       0.86048967879634708     
   2318.5681720708722       0.86973866333624927     
   2361.3237432096271       0.63891441870966215     
   2375.8286528051399       0.88648344700867476     
   2380.5008478408258       0.88201684482750653     
   2460.5533989615678       0.78101617198495477     
   2536.4471321150568       0.72946503087095882     
   2538.6879874294882       0.64693884505897947     
   2548.5025007294335       0.65484153836553916     
   2587.6515235413603       0.73033740077884102     
   2617.5548475351279       0.81208801890386650     
   2668.3653960633483       0.96375504373684129     
   2744.7372538738036       0.83788898419720548     
   2771.2923396899473       0.86946346250375561     
   2823.4463244704739       0.69819584737774543     
   2856.8003838931950       0.56993893484273628     
   2916.0608317040210       0.50133078502438178     
   2948.3801082519944       0.98566213234331856     
   2999.7410016284007       0.56987714715073023     
   3006.9802968505051       0.55612262409778690     
   3018.8495383253185       0.50607309827673719     
   3065.6006378684588       0.70319664857584874     
   3067.0599168890853       0.51511778458298552     
   3121.8744055593852       0.57975669904172833     
   3148.0007631545982       0.69636416253011679     
   3163.1761841559987       0.91735552468549630     
   3184.7941528352885       0.76652759117619862     
   3253.8602465521767       0.65399185258809689     
   3323.9120750827933       0.63412617350298717     
   3366.7517786014109       0.86210317962025163     
   3446.2721110269549       0.89263655262893093     
   3564.3739363440295       0.77159822799368172     
   3593.7428826640494       0.63819220981822611     
   3645.7218039022041       0.88961885068892077     
   3680.7125644764801       0.67405356974319042     
   3707.8057824141210       0.78384696257901154     
   3769.8623371064400       0.73537731505599613     
   3774.4863422376429       0.90250441058932207     
   3787.4439319754706       0.63218925400225867     
   3835.0904922725576       0.87143325890249768     
   3859.1921402149760       0.86808261868201908     
   3870.9271256535717       0.75414603590597518     
   3913.9639864794499       0.75686145739890420     
   3978.9729239842604       0.67608654219279307     
   4003.7638072623990       0.77510997302846374     
   4004.9078478874621       0.59717773642747873     
   4017.7034671511474       0.86333511414546149     
   4055.0561085774552       0.57936417025499409     
   4062.8338313858981       0.69601235575118825     
   4147.4714549535047       0.84754403730117045     
   4149.6755609119309       0.80718727183800210     
   4156.5525686738438       0.77261986705808539     
   4159.8574897093213       0.91056662998933280     
   4198.8918482187692       0.90113533538055379     
   4235.9492446369004       0.67625866378326971     
   4274.0471068444513       0.76521690113555274     
   4331.9715263487597       0.58148532846240930     
   4335.6867868531444       0.69516637474797405     
   4377.1240758072918       0.71110428694549244     
   4391.0867447468181       0.79991121122524778     
   4440.2652387243224       0.92370589269816372     
   4450.8024924476395       0.90992715394979606     
   4562.0352215731791       0.52671499193237181     
   4567.7863801527574       0.59082417813850763     
   4646.5008361688224       0.69448506292455892     
   4650.8643351740056       0.68152114532524111     
   4689.6142593480108       0.91751911878487691     
   4696.3873057973287       0.58751362479994340     
   4733.0132362637032       0.91290923149912862     
   4746.1160049916489       0.90896745344304886     
   4753.2188296094128       0.68175186875967064     
   4754.2576445364193       0.66110359110701511     
   4760.1935879186631       0.74862224060166160     
   4779.1307274055180       0.98341514283538978     
   4780.9266741127230       0.91655445637623656     
   4783.4921136380553       0.51360891408728515     
   4795.2354963356020       0.67131362444328335     
   4828.8869536200846       0.54369258422225564     
   4842.3946366061436       0.86500914672016993     
   4865.4181740116601       0.98675093814732695     
   4871.4713004549994       0.67838401499300827     
   4912.3931018632238       0.59277634803970236     
   5000.9646880497057       0.63933327250051375     
   5008.2778670987827       0.75423696744060009     
   5018.8306514975920       0.98989555150422637     
   5021.9664192629816       0.69021534514174387     
   5041.3471817656482       0.62007190687235558     
   5114.2386892367504       0.89733208060901437     
   5169.0550631489523       0.50183998492876425     
   5204.5727489921501       0.67424737661510459     
   5208.8795527462389       0.78278214949479497     
   5262.9450847557828       0.58019924575641246     
   5268.4873531253970       0.81221319403697967     
   5317.9166003990476       0.59214355388675421     
   5340.9476180809497       0.76292934173564719     
   5371.4335596058054       0.91852745195988483     
   5424.0426720720379       0.87906658367026769     
   5448.8667832218598       0.56678651614695741     
   5460.2917168462845       0.81655661614385489     
   5535.4639727274080       0.61547962732777706     
   5671.9265527686348       0.82922977059710101     
   5703.5664171668113       0.52575050133826751     
   5710.3223265836677       0.84739043820342463     
   5724.7773931050315       0.91282703136247545     
   5772.4978199184716       0.85669080178582735     
   5831.6100598288540       0.91766614296219662     
   5868.8966320678819       0.84123471967700392     
   5904.1915818393600       0.73740524234428428     
   5920.4189620356265       0.84685468233420369     
   5946.7708272550044       0.58895092205457233     
   5958.8373110255152       0.63204958193110061     
   5965.6964990530751       0.63738116723699190     
   5989.2789442472367       0.72472628327727451     
   6023.4516988362129       0.60992778106960299     
   6040.3664382674306       0.60782413300865490     
   6056.0262681127124       0.90721702115136393     
   6060.1259882119421       0.73738927667715937     
   6077.3029794097592       0.89822377906586948     
   6097.1873409105792       0.72291730159965928     
   6119.5926020612842       0.68976434818400223     
   6138.4952704168036       0.72673250756683749     
   6147.7119455276188       0.77713037452027867     
   6246.8382223313420       0.94692325318649151     
   6249.5786196982817       0.51868359852551638     
   6284.3403529467478       0.57313776707987507     
   6330.0035250339924       0.80383940771550411     
   6342.7611275302725       0.67980260533253500     
   6468.1190498698861       0.94085492214303346     
   6483.8825441983745       0.95389647876846795     
   6517.3000067135899       0.60807951642223124     
   6563.1950601602448       0.95384063631629967     
   6641.8457656438541       0.57046537170917055     
   6660.5809281948295       0.87714249457868965     
   6723.9942715350408       0.50299420194933808     
   6775.7112732177720       0.76585843947689503     
   6809.3183690875085       0.95164791724090869     
   6821.4540357257274       0.54982497819555853     
   7037.0450919861005       0.79682537081310045     
   7072.3838442497326       0.62640048556584405     
   7150.7297580872009       0.90767331794776540     
   7163.1046091982371       0.79415863097424588     
   7196.3734538517228       0.74389346293643877     
   7204.6991155622291       0.51580163287839043     
   7237.5284459256791       0.95110330644328567     
   7275.4686031796655       0.78728882941516254     
   7309.4179793194289       0.97147427088227833     
   7357.5637466752460       0.57500360939739292     
   7376.6785247936532       0.64589610684517706     
   7386.2305896211019       0.53123038965089930     
   7411.5907392192739       0.73910249408582418     
   7489.9289299057300       0.54078948717452868     
   7516.3882583007016       0.50402937979696094     
   7535.7601881626060       0.51317045950833329     
   7564.9276110782357       0.54974896923497674     
   7613.2251855508939       0.66393202111529159     
   7631.1850491407486       0.88986764892657544     
   7634.8547646366342       0.85540329664020009     
   7641.5213305023408       0.50040169016907110     
   7655.7594558588580       0.53085428804424906     
   7725.2766949273200       0.89006612303302513     
   7749.6692754075166       0.72738880292187602     
   7757.0281713698050       0.52594848134845162     
   7763.3585806967776       0.63465293563796299     
   7781.3964172342767       0.58186212303037388     
   7801.5098657052513       0.92045701222437437     
   7835.2009158921192       0.55343760687267385     
   8032.8942400574742       0.64760037161305151     
   8064.3776241942169       0.76319874252884523     
   8078.2442833023151       0.99314960780868689     
   8109.4036955737638       0.90860966684043298     
   8253.8234186164354       0.54198748676900343     
   8308.6459535958329       0.69426995040984851     
   8312.6488284321767       0.89340835285439379     
   8317.6301956962961       0.51808555403098377     
  -8203.0416377330712       0.62880148997847252     
  -8079.4847218965569       0.68843834732190456     
  -7735.9929359362786       0.96578563222751279     
  -7533.8958875867365       0.56112627555554950     
  -7217.9370083546255       0.63806595407497368     
  -7082.1077869926703       0.99932708755542521     
  -6705.7374392816637       0.95418318999842577     
   7826.6269112090013        288.85070592148890     
