  -33200.266134397876       0.75000000000000000     
  -33067.198935462409       0.75000000000000000     
  -32934.131736526950       0.75000000000000000     
  -32801.064537591483       0.75000000000000000     
  -32667.997338656023       0.75000000000000000     
  -32534.930139720560       0.75000000000000000     
  -32401.862940785100       0.75000000000000000     
  -32268.795741849637       0.75000000000000000     
  -32135.728542914174       0.75000000000000000     
  -32002.661343978711       0.75000000000000000     
  -31869.594145043247       0.75000000000000000     
  -31736.526946107788       0.75000000000000000     
  -31603.459747172325       0.75000000000000000     
  -31470.392548236861       0.75000000000000000     
  -31337.325349301398       0.75000000000000000     
  -31204.258150365938       0.75000000000000000     
  -31071.190951430475       0.75000000000000000     
  -30938.123752495012       0.75000000000000000     
  -30805.056553559549       0.75000000000000000     
  -30671.989354624089       0.75000000000000000     
  -30538.922155688626       0.75000000000000000     
  -30405.854956753163       0.75000000000000000     
  -30272.787757817699       0.75000000000000000     
  -30139.720558882236       0.75000000000000000     
  -30006.653359946777       0.75000000000000000     
  -29873.586161011313       0.75000000000000000     
  -29740.518962075850       0.75000000000000000     
  -29607.451763140387       0.75000000000000000     
  -29474.384564204927       0.75000000000000000     
  -29341.317365269464       0.75000000000000000     
  -29208.250166334001       0.75000000000000000     
  -29075.182967398538       0.75000000000000000     
  -28942.115768463074       0.75000000000000000     
  -28809.048569527615       0.75000000000000000     
  -28675.981370592152       0.75000000000000000     
  -28542.914171656688       0.75000000000000000     
  -28409.846972721225       0.75000000000000000     
  -28276.779773785765       0.75000000000000000     
  -28143.712574850302       0.75000000000000000     
  -28010.645375914839       0.75000000000000000     
  -27877.578176979376       0.75000000000000000     
  -27744.510978043916       0.75000000000000000     
  -27611.443779108453       0.75000000000000000     
  -27478.376580172990       0.75000000000000000     
  -27345.309381237526       0.75000000000000000     
  -27212.242182302063       0.75000000000000000     
  -27079.174983366604       0.75000000000000000     
  -26946.107784431140       0.75000000000000000     
  -26813.040585495677       0.75000000000000000     
  -26679.973386560214       0.75000000000000000     
  -26546.906187624754       0.75000000000000000     
  -26413.838988689291       0.75000000000000000     
  -26280.771789753828       0.75000000000000000     
  -26147.704590818365       0.75000000000000000     
  -26014.637391882901       0.75000000000000000     
  -25881.570192947442       0.75000000000000000     
  -25748.502994011978       0.75000000000000000     
  -25615.435795076515       0.75000000000000000     
  -25482.368596141052       0.75000000000000000     
  -25349.301397205592       0.75000000000000000     
  -25216.234198270129       0.75000000000000000     
  -25083.166999334666       0.75000000000000000     
  -24950.099800399203       0.75000000000000000     
  -24817.032601463739       0.75000000000000000     
  -24683.965402528280       0.75000000000000000     
  -24550.898203592817       0.75000000000000000     
  -24417.831004657353       0.75000000000000000     
  -24284.763805721890       0.75000000000000000     
  -24151.696606786430       0.75000000000000000     
  -24018.629407850967       0.75000000000000000     
  -23885.562208915504       0.75000000000000000     
  -23752.495009980041       0.75000000000000000     
  -23619.427811044581       0.75000000000000000     
  -23486.360612109118       0.75000000000000000     
  -23353.293413173655       0.75000000000000000     
  -23220.226214238191       0.75000000000000000     
  -23087.159015302728       0.75000000000000000     
  -22954.091816367269       0.75000000000000000     
  -22821.024617431805       0.75000000000000000     
  -22687.957418496342       0.75000000000000000     
  -22554.890219560879       0.75000000000000000     
  -22421.823020625419       0.75000000000000000     
  -22288.755821689956       0.75000000000000000     
  -22155.688622754493       0.75000000000000000     
  -22022.621423819030       0.75000000000000000     
  -21889.554224883566       0.75000000000000000     
  -21756.487025948107       0.75000000000000000     
  -21623.419827012644       0.75000000000000000     
  -21490.352628077180       0.75000000000000000     
  -21357.285429141717       0.75000000000000000     
  -21224.218230206257       0.75000000000000000     
  -21091.151031270794       0.75000000000000000     
  -20958.083832335331       0.75000000000000000     
  -20825.016633399868       0.75000000000000000     
  -20691.949434464408       0.75000000000000000     
  -20558.882235528945       0.75000000000000000     
  -20425.815036593482       0.75000000000000000     
  -20292.747837658018       0.75000000000000000     
  -20159.680638722555       0.75000000000000000     
  -20026.613439787096       0.75000000000000000     
  -19893.546240851632       0.75000000000000000     
  -19760.479041916169       0.75000000000000000     
  -19627.411842980706       0.75000000000000000     
  -19494.344644045246       0.75000000000000000     
  -19361.277445109783       0.75000000000000000     
  -19228.210246174320       0.75000000000000000     
  -19095.143047238857       0.75000000000000000     
  -18962.075848303393       0.75000000000000000     
  -18829.008649367934       0.75000000000000000     
  -18695.941450432470       0.75000000000000000     
  -18562.874251497007       0.75000000000000000     
  -18429.807052561544       0.75000000000000000     
  -18296.739853626084       0.75000000000000000     
  -18163.672654690621       0.75000000000000000     
  -18030.605455755158       0.75000000000000000     
  -17897.538256819695       0.75000000000000000     
  -17764.471057884235       0.75000000000000000     
  -17631.403858948772       0.75000000000000000     
  -17498.336660013309       0.75000000000000000     
  -17365.269461077845       0.75000000000000000     
  -17232.202262142382       0.75000000000000000     
  -17099.135063206922       0.75000000000000000     
  -16966.067864271459       0.75000000000000000     
  -16833.000665335996       0.75000000000000000     
  -16699.933466400533       0.75000000000000000     
  -16566.866267465073       0.75000000000000000     
  -16433.799068529610       0.75000000000000000     
  -16300.731869594147       0.75000000000000000     
  -16167.664670658683       0.75000000000000000     
  -16034.597471723222       0.75000000000000000     
  -15901.530272787759       0.75000000000000000     
  -15768.463073852297       0.75000000000000000     
  -15635.395874916834       0.75000000000000000     
  -15502.328675981373       0.75000000000000000     
  -15369.261477045909       0.75000000000000000     
  -15236.194278110448       0.75000000000000000     
  -15103.127079174985       0.75000000000000000     
  -14970.059880239523       0.75000000000000000     
  -14836.992681304060       0.75000000000000000     
  -14703.925482368597       0.75000000000000000     
  -14570.858283433136       0.75000000000000000     
  -14437.791084497672       0.75000000000000000     
  -14304.723885562211       0.75000000000000000     
  -14171.656686626748       0.75000000000000000     
  -14038.589487691286       0.75000000000000000     
  -13905.522288755823       0.75000000000000000     
  -13772.455089820362       0.75000000000000000     
  -13639.387890884898       0.75000000000000000     
  -13506.320691949437       0.75000000000000000     
  -13373.253493013974       0.75000000000000000     
  -13240.186294078510       0.75000000000000000     
  -13107.119095143049       0.75000000000000000     
  -12974.051896207586       0.75000000000000000     
  -12840.984697272124       0.75000000000000000     
  -12707.917498336661       0.75000000000000000     
  -12574.850299401200       0.75000000000000000     
  -12441.783100465736       0.75000000000000000     
  -12308.715901530275       0.75000000000000000     
  -12175.648702594812       0.75000000000000000     
  -12042.581503659349       0.75000000000000000     
  -11909.514304723887       0.75000000000000000     
  -11776.447105788424       0.75000000000000000     
  -11643.379906852962       0.75000000000000000     
  -11510.312707917499       0.75000000000000000     
  -11377.245508982038       0.75000000000000000     
  -11244.178310046575       0.75000000000000000     
  -11111.111111111113       0.75000000000000000     
  -10978.043912175650       0.75000000000000000     
  -10844.976713240188       0.75000000000000000     
  -10711.909514304725       0.75000000000000000     
  -10578.842315369262       0.75000000000000000     
  -10445.775116433801       0.75000000000000000     
  -10312.707917498337       0.75000000000000000     
  -10179.640718562876       0.75000000000000000     
  -10046.573519627413       0.75000000000000000     
  -9913.5063206919513       0.75000000000000000     
  -9780.4391217564880       0.75000000000000000     
  -9647.3719228210266       0.75000000000000000     
  -9514.3047238855634       0.75000000000000000     
  -9381.2375249501019       0.75000000000000000     
  -9248.1703260146387       0.75000000000000000     
  -9115.1031270791755       0.75000000000000000     
  -8982.0359281437140       0.75000000000000000     
  -8848.9687292082508       0.75000000000000000     
  -8715.9015302727894       0.75000000000000000     
  -8582.8343313373261       0.75000000000000000     
  -8449.7671324018647       0.75000000000000000     
  -8316.6999334664015       0.75000000000000000     
  -8183.6327345309392       0.75000000000000000     
  -8050.5655355954768       0.75000000000000000     
  -7917.4983366600145       0.75000000000000000     
  -7784.4311377245522       0.75000000000000000     
  -7651.3639387890898       0.75000000000000000     
  -7518.2967398536275       0.75000000000000000     
  -7385.2295409181652       0.75000000000000000     
  -7252.1623419827029       0.75000000000000000     
  -7119.0951430472405       0.75000000000000000     
  -6986.0279441117773       0.75000000000000000     
  -6852.9607451763150       0.75000000000000000     
  -6719.8935462408526       0.75000000000000000     
  -6586.8263473053903       0.75000000000000000     
  -6453.7591483699280       0.75000000000000000     
  -6320.6919494344656       0.75000000000000000     
  -6187.6247504990033       0.75000000000000000     
  -6054.5575515635410       0.75000000000000000     
  -5921.4903526280787       0.75000000000000000     
  -5788.4231536926163       0.75000000000000000     
  -5655.3559547571531       0.75000000000000000     
  -5522.2887558216908       0.75000000000000000     
  -5389.2215568862284       0.75000000000000000     
  -5256.1543579507661       0.75000000000000000     
  -5123.0871590153038       0.75000000000000000     
  -4990.0199600798414       0.75000000000000000     
  -4856.9527611443791       0.75000000000000000     
  -4723.8855622089168       0.75000000000000000     
  -4590.8183632734545       0.75000000000000000     
  -4457.7511643379921       0.75000000000000000     
  -4324.6839654025298       0.75000000000000000     
  -4191.6167664670666       0.75000000000000000     
  -4058.5495675316047       0.75000000000000000     
  -3925.4823685961424       0.75000000000000000     
  -3792.4151696606796       0.75000000000000000     
  -3659.3479707252172       0.75000000000000000     
  -3526.2807717897549       0.75000000000000000     
  -3393.2135728542926       0.75000000000000000     
  -3260.1463739188302       0.75000000000000000     
  -3127.0791749833675       0.75000000000000000     
  -2994.0119760479051       0.75000000000000000     
  -2860.9447771124428       0.75000000000000000     
  -2727.8775781769805       0.75000000000000000     
  -2594.8103792415181       0.75000000000000000     
  -2461.7431803060554       0.75000000000000000     
  -2328.6759813705930       0.75000000000000000     
  -2195.6087824351307       0.75000000000000000     
  -2062.5415834996684       0.75000000000000000     
  -1929.4743845642060       0.75000000000000000     
  -1796.4071856287435       0.75000000000000000     
  -1663.3399866932812       0.75000000000000000     
  -1530.2727877578186       0.75000000000000000     
  -1397.2055888223563       0.75000000000000000     
  -1264.1383898868939       0.75000000000000000     
  -1131.0711909514314       0.75000000000000000     
  -998.00399201596906       0.75000000000000000     
  -864.93679308050662       0.75000000000000000     
  -731.86959414504418       0.75000000000000000     
  -598.80239520958185       0.75000000000000000     
  -465.73519627411940       0.75000000000000000     
  -332.66799733865696       0.75000000000000000     
  -199.60079840319455       0.75000000000000000     
  -66.533599467732131       0.75000000000000000     
   66.533599467730284       0.75000000000000000     
   199.60079840319270       0.75000000000000000     
   332.66799733865514       0.75000000000000000     
   465.73519627411753       0.75000000000000000     
   598.80239520957991       0.75000000000000000     
   731.86959414504236       0.75000000000000000     
   864.93679308050480       0.75000000000000000     
   998.00399201596724       0.75000000000000000     
   1131.0711909514296       0.75000000000000000     
   1264.1383898868921       0.75000000000000000     
   1397.2055888223545       0.75000000000000000     
   1530.2727877578168       0.75000000000000000     
   1663.3399866932793       0.75000000000000000     
   1796.4071856287417       0.75000000000000000     
   1929.4743845642040       0.75000000000000000     
   2062.5415834996666       0.75000000000000000     
   2195.6087824351289       0.75000000000000000     
   2328.6759813705912       0.75000000000000000     
   2461.7431803060535       0.75000000000000000     
   2594.8103792415163       0.75000000000000000     
   2727.8775781769787       0.75000000000000000     
   2860.9447771124410       0.75000000000000000     
   2994.0119760479033       0.75000000000000000     
   3127.0791749833656       0.75000000000000000     
   3260.1463739188284       0.75000000000000000     
   3393.2135728542908       0.75000000000000000     
   3526.2807717897531       0.75000000000000000     
   3659.3479707252154       0.75000000000000000     
   3792.4151696606777       0.75000000000000000     
   3925.4823685961401       0.75000000000000000     
   4058.5495675316029       0.75000000000000000     
   4191.6167664670647       0.75000000000000000     
   4324.6839654025280       0.75000000000000000     
   4457.7511643379903       0.75000000000000000     
   4590.8183632734526       0.75000000000000000     
   4723.8855622089150       0.75000000000000000     
   4856.9527611443773       0.75000000000000000     
   4990.0199600798396       0.75000000000000000     
   5123.0871590153019       0.75000000000000000     
   5256.1543579507643       0.75000000000000000     
   5389.2215568862266       0.75000000000000000     
   5522.2887558216889       0.75000000000000000     
   5655.3559547571513       0.75000000000000000     
   5788.4231536926145       0.75000000000000000     
   5921.4903526280768       0.75000000000000000     
   6054.5575515635392       0.75000000000000000     
   6187.6247504990015       0.75000000000000000     
   6320.6919494344638       0.75000000000000000     
   6453.7591483699262       0.75000000000000000     
   6586.8263473053885       0.75000000000000000     
   6719.8935462408508       0.75000000000000000     
   6852.9607451763131       0.75000000000000000     
   6986.0279441117755       0.75000000000000000     
   7119.0951430472378       0.75000000000000000     
   7252.1623419827010       0.75000000000000000     
   7385.2295409181634       0.75000000000000000     
   7518.2967398536257       0.75000000000000000     
   7651.3639387890880       0.75000000000000000     
   7784.4311377245504       0.75000000000000000     
   7917.4983366600127       0.75000000000000000     
   8050.5655355954750       0.75000000000000000     
   8183.6327345309373       0.75000000000000000     
   8316.6999334663997       0.75000000000000000     
   8449.7671324018629       0.75000000000000000     
   8582.8343313373243       0.75000000000000000     
   8715.9015302727876       0.75000000000000000     
   8848.9687292082490       0.75000000000000000     
   8982.0359281437122       0.75000000000000000     
   9115.1031270791736       0.75000000000000000     
   9248.1703260146369       0.75000000000000000     
   9381.2375249501001       0.75000000000000000     
   9514.3047238855615       0.75000000000000000     
   9647.3719228210248       0.75000000000000000     
   9780.4391217564862       0.75000000000000000     
   9913.5063206919494       0.75000000000000000     
   10046.573519627411       0.75000000000000000     
   10179.640718562874       0.75000000000000000     
   10312.707917498336       0.75000000000000000     
   10445.775116433799       0.75000000000000000     
   10578.842315369260       0.75000000000000000     
   10711.909514304723       0.75000000000000000     
   10844.976713240187       0.75000000000000000     
   10978.043912175648       0.75000000000000000     
   11111.111111111111       0.75000000000000000     
   11244.178310046573       0.75000000000000000     
   11377.245508982036       0.75000000000000000     
   11510.312707917497       0.75000000000000000     
   11643.379906852961       0.75000000000000000     
   11776.447105788422       0.75000000000000000     
   11909.514304723885       0.75000000000000000     
   12042.581503659347       0.75000000000000000     
   12175.648702594810       0.75000000000000000     
   12308.715901530273       0.75000000000000000     
   12441.783100465735       0.75000000000000000     
   12574.850299401198       0.75000000000000000     
   12707.917498336659       0.75000000000000000     
   12840.984697272123       0.75000000000000000     
   12974.051896207584       0.75000000000000000     
   13107.119095143047       0.75000000000000000     
   13240.186294078509       0.75000000000000000     
   13373.253493013972       0.75000000000000000     
   13506.320691949433       0.75000000000000000     
   13639.387890884896       0.75000000000000000     
   13772.455089820360       0.75000000000000000     
   13905.522288755821       0.75000000000000000     
   14038.589487691284       0.75000000000000000     
   14171.656686626746       0.75000000000000000     
   14304.723885562209       0.75000000000000000     
   14437.791084497670       0.75000000000000000     
   14570.858283433134       0.75000000000000000     
   14703.925482368595       0.75000000000000000     
   14836.992681304058       0.75000000000000000     
   14970.059880239522       0.75000000000000000     
   15103.127079174983       0.75000000000000000     
   15236.194278110446       0.75000000000000000     
   15369.261477045908       0.75000000000000000     
   15502.328675981371       0.75000000000000000     
   15635.395874916832       0.75000000000000000     
   15768.463073852296       0.75000000000000000     
   15901.530272787757       0.75000000000000000     
   16034.597471723220       0.75000000000000000     
   16167.664670658682       0.75000000000000000     
   16300.731869594145       0.75000000000000000     
   16433.799068529606       0.75000000000000000     
   16566.866267465070       0.75000000000000000     
   16699.933466400533       0.75000000000000000     
   16833.000665335996       0.75000000000000000     
   16966.067864271456       0.75000000000000000     
   17099.135063206919       0.75000000000000000     
   17232.202262142382       0.75000000000000000     
   17365.269461077845       0.75000000000000000     
   17498.336660013305       0.75000000000000000     
   17631.403858948768       0.75000000000000000     
   17764.471057884231       0.75000000000000000     
   17897.538256819695       0.75000000000000000     
   18030.605455755158       0.75000000000000000     
   18163.672654690617       0.75000000000000000     
   18296.739853626081       0.75000000000000000     
   18429.807052561544       0.75000000000000000     
   18562.874251497007       0.75000000000000000     
   18695.941450432467       0.75000000000000000     
   18829.008649367930       0.75000000000000000     
   18962.075848303393       0.75000000000000000     
   19095.143047238857       0.75000000000000000     
   19228.210246174320       0.75000000000000000     
   19361.277445109779       0.75000000000000000     
   19494.344644045243       0.75000000000000000     
   19627.411842980706       0.75000000000000000     
   19760.479041916169       0.75000000000000000     
   19893.546240851629       0.75000000000000000     
   20026.613439787092       0.75000000000000000     
   20159.680638722555       0.75000000000000000     
   20292.747837658018       0.75000000000000000     
   20425.815036593478       0.75000000000000000     
   20558.882235528941       0.75000000000000000     
   20691.949434464404       0.75000000000000000     
   20825.016633399868       0.75000000000000000     
   20958.083832335331       0.75000000000000000     
   21091.151031270791       0.75000000000000000     
   21224.218230206254       0.75000000000000000     
   21357.285429141717       0.75000000000000000     
   21490.352628077180       0.75000000000000000     
   21623.419827012640       0.75000000000000000     
   21756.487025948103       0.75000000000000000     
   21889.554224883566       0.75000000000000000     
   22022.621423819030       0.75000000000000000     
   22155.688622754493       0.75000000000000000     
   22288.755821689952       0.75000000000000000     
   22421.823020625416       0.75000000000000000     
   22554.890219560879       0.75000000000000000     
   22687.957418496342       0.75000000000000000     
   22821.024617431802       0.75000000000000000     
   22954.091816367265       0.75000000000000000     
   23087.159015302728       0.75000000000000000     
   23220.226214238191       0.75000000000000000     
   23353.293413173651       0.75000000000000000     
   23486.360612109114       0.75000000000000000     
   23619.427811044578       0.75000000000000000     
   23752.495009980041       0.75000000000000000     
   23885.562208915504       0.75000000000000000     
   24018.629407850964       0.75000000000000000     
   24151.696606786427       0.75000000000000000     
   24284.763805721890       0.75000000000000000     
   24417.831004657353       0.75000000000000000     
   24550.898203592813       0.75000000000000000     
   24683.965402528276       0.75000000000000000     
   24817.032601463739       0.75000000000000000     
   24950.099800399203       0.75000000000000000     
   25083.166999334666       0.75000000000000000     
   25216.234198270125       0.75000000000000000     
   25349.301397205589       0.75000000000000000     
   25482.368596141052       0.75000000000000000     
   25615.435795076515       0.75000000000000000     
   25748.502994011975       0.75000000000000000     
   25881.570192947438       0.75000000000000000     
   26014.637391882901       0.75000000000000000     
   26147.704590818365       0.75000000000000000     
   26280.771789753824       0.75000000000000000     
   26413.838988689287       0.75000000000000000     
   26546.906187624751       0.75000000000000000     
   26679.973386560214       0.75000000000000000     
   26813.040585495677       0.75000000000000000     
   26946.107784431137       0.75000000000000000     
   27079.174983366600       0.75000000000000000     
   27212.242182302063       0.75000000000000000     
   27345.309381237526       0.75000000000000000     
   27478.376580172986       0.75000000000000000     
   27611.443779108449       0.75000000000000000     
   27744.510978043912       0.75000000000000000     
   27877.578176979376       0.75000000000000000     
   28010.645375914839       0.75000000000000000     
   28143.712574850299       0.75000000000000000     
   28276.779773785762       0.75000000000000000     
   28409.846972721225       0.75000000000000000     
   28542.914171656688       0.75000000000000000     
   28675.981370592148       0.75000000000000000     
   28809.048569527611       0.75000000000000000     
   28942.115768463074       0.75000000000000000     
   29075.182967398538       0.75000000000000000     
   29208.250166334001       0.75000000000000000     
   29341.317365269460       0.75000000000000000     
   29474.384564204924       0.75000000000000000     
   29607.451763140387       0.75000000000000000     
   29740.518962075850       0.75000000000000000     
   29873.586161011310       0.75000000000000000     
   30006.653359946773       0.75000000000000000     
   30139.720558882236       0.75000000000000000     
   30272.787757817699       0.75000000000000000     
   30405.854956753159       0.75000000000000000     
   30538.922155688622       0.75000000000000000     
   30671.989354624086       0.75000000000000000     
   30805.056553559549       0.75000000000000000     
   30938.123752495012       0.75000000000000000     
   31071.190951430472       0.75000000000000000     
   31204.258150365935       0.75000000000000000     
   31337.325349301398       0.75000000000000000     
   31470.392548236861       0.75000000000000000     
   31603.459747172321       0.75000000000000000     
   31736.526946107784       0.75000000000000000     
   31869.594145043247       0.75000000000000000     
   32002.661343978711       0.75000000000000000     
   32135.728542914174       0.75000000000000000     
   32268.795741849633       0.75000000000000000     
   32401.862940785097       0.75000000000000000     
   32534.930139720560       0.75000000000000000     
   32667.997338656023       0.75000000000000000     
   32801.064537591483       0.75000000000000000     
   32934.131736526950       0.75000000000000000     
   33067.198935462409       0.75000000000000000     
   33200.266134397869       0.75000000000000000     
