 -0.27802088015030402       -4.7172018883877231E-002
 -0.32317170822241714       0.16089107655638102     
 -0.43834129423129564        1.0612174631817473     
 -0.71850992536216429      -0.52595946836186558     
 -0.80393344358416385       0.87505586153243553     
 -0.72915525128513825      -0.39172901373383762     
 -0.65728411258457142       0.58911672839052853     
 -0.36978309176495022       0.49191412045877619     
   3.9459653193730015E-002 -0.97205801952491999     
 -0.91616476059128626       0.96710295316705586     
 -0.46372468183654292       0.94912081062590858     
  0.25648451800404659      -0.92287180794639401     
  -4.0765252621898784E-002   1.5182444046465771     
 -0.47972328678884807        8.4630045472684115E-002
  -7.9832195024106933E-002 -0.73839474850140918     
   3.6229551310753894E-002  -1.3182967981715819     
   9.0139295468198877E-002  0.69671088365652611     
 -0.19844120149748157      -0.15739219027669052     
  0.32575178674944949      -0.62116998038141058     
  0.32632578620978414       0.22579545553136141     
 -0.36613933354178263      -0.59904674053182416     
 -0.56644744848710804       0.96848454656778427     
   4.4714035501736082E-002  0.26256254275388208     
  -1.6514787366979780      -0.42075527949904923     
 -0.32646645594936685        2.0190866038842912     
  0.16312868389342750      -0.34132160290675678     
 -0.48964064348263381      -0.96441922832531879     
  0.33130520686775744       0.35715500377049336     
 -0.25638580373379805      -0.17830264230196569     
 -0.69122020950623198      -0.39285155683201906     
 -0.49617894937399065       0.26331652934257266     
 -0.13189505806133606       -1.4012199416003290     
 -0.17410107965978050       -1.3931866822891881     
  -7.6580942964758814E-002 -0.17098060853953881     
 -0.29202214872110965       0.85405704746194955     
 -0.42941194933532500       0.46557784338292912     
 -0.42456876985258452       0.55984889152933204     
  0.15632711446944952        1.0505986681588437     
  0.53502045258886755        1.5134863010310351     
  -3.3921356336833131E-002  0.27355868238977438     
 -0.42035747086333897       0.26993107987565917     
 -0.34478471496127716      -0.21144214671725553     
  0.33694926014195004       0.68222673172921644     
   9.2732545763410501E-002 -0.57139937084070791     
 -0.38627280571708655       -1.0646583173447830     
  0.59349094023251125       0.59660398518815394     
  -5.0839271466024849E-002   9.0497558604188497E-002
  0.60437505569815930      -0.64406343940322608     
  0.42342240624951166       -3.9189119272738104E-002
  0.20545584334630262        2.2205429664572178     
 -0.16316223167126265      -0.32174638054213672     
  0.35494341667808493        3.4612493700276827     
  0.31968500374604714        1.3397863032694179     
   1.2619332794711391E-002  0.64039120040174524     
 -0.86471644545687421       0.20424242044702046     
  -7.2012281000998879E-002 -0.10328843814544610     
 -0.20348842090464514        1.3001980296660351     
  -8.5940347263149031E-002 -0.69826891716441641     
  0.39044989446500100       -1.3314881735520914     
   7.3615897418863874E-002  0.16883774473384511     
   5.2867245071477775E-002  0.26577444844904152     
 -0.58050166602508002       0.73517029748969731     
  -1.1790999810539429      -0.64153230036875308     
 -0.29728705378941056      -0.85187134765597350     
 -0.69311745569396144       0.14986520568208214     
 -0.75057035986456033       0.65562297430365923     
  -1.0102011175513581      -0.60728333469472373     
  0.18056797345762710        1.3508475108820408     
 -0.56605504852178024        1.0566308903757515     
 -0.75292712296019115       -2.8189185910663994E-002
 -0.96333287301839232       -1.0644238814314422E-002
  0.66663033561715113       0.34572093099251172     
  -1.0803676423064483      -0.60663765912057244     
   1.1700508183939435       -1.7058003595741962     
 -0.12199615768912908      -0.15729717495569773     
  0.39199272701513843      -0.51351072604080472     
 -0.46643078341306965       0.89339754236522861     
 -0.39153471144266772       -1.1554632232270567     
  0.65844138838242150      -0.85429680690270937     
  0.34402135164248238       -1.2260634376689359     
  0.34057048676794655      -0.78596821278220830     
  -1.2257150443193470       -5.9510612567974963E-002
  0.56204090422929343       0.12816735554284064     
  -1.9786447004326420      -0.84245724072925199     
  0.11727521286101128       -1.3522112124505359     
  0.22557483634689834      -0.42969314155204230     
 -0.11568450789685203       -1.6079766162591984     
  0.93639562581773195       -2.2184321334637911     
 -0.35670207579940083        1.0526445237349948     
  0.35409195875166544       -1.1225824199403869     
 -0.21686716052116084       -1.4542636258071082     
 -0.23883454799799408       0.58282184084251243     
  0.36431190726126350       0.19189572270833782     
  0.14911501143466005      -0.31487834660115643     
  -6.0994741814028253E-002 -0.24285039589473201     
  -1.8696792479615365E-002 -0.57169401383830665     
  0.20061220429565302      -0.68186514020201028     
 -0.19972121588029956        1.0604870436998162     
 -0.59558532318924917        1.2650387585619869     
 -0.18561921455999858        1.9388307167592220     
  0.35305550356558341       0.91300640066153194     
 -0.35000715834163221      -0.96853584230504175     
  0.90822109847726584       0.23878198375544848     
 -0.34703258669231052      -0.70426245932029063     
  0.69507830192296438      -0.41509448221592599     
   4.6743546783825751E-002   1.2908985904401475     
 -0.55411467869433928       0.53372406435695563     
 -0.21810277323361149      -0.50452794053268923     
 -0.75301636457633347       0.15007664256987829     
  0.38265557039326148        1.0516214733367160     
 -0.49113414995996407        1.8116926739219268     
 -0.32274316808889025      -0.14408042128052304     
 -0.62843177291886887      -0.14008709852346626     
  0.20618106389267343      -0.71162467147908948     
  0.60404844262241530      -0.15476951436634623     
  0.39630373831347732      -0.38346388550008986     
  -8.3209663204135254E-002   2.0034027447097738     
 -0.48157040779527160       -2.1283336540229567     
 -0.31738135793872124      -0.54626133739012372     
 -0.49894410150535085      -0.91119184286031085     
   7.4091991336901808E-002  0.27632295278913271     
  0.19021055362057981        9.3192360302294108E-003
 -0.12839624414181627       -7.3058267205874633E-002
  0.97283908958082088      -0.81085099416769446     
  0.23864418880115734      -0.30261354185210110     
 -0.25542558848778829       0.65831627841845064     
 -0.42474092511695505       0.57102366091465950     
  -1.7453761745677605      -0.55336484726107305     
 -0.49527947307759645      -0.25685802647186273     
 -0.60673205678652142        2.3592985751345568     
 -0.77240849452931415       0.52387689116474201     
  0.86693805643474708      -0.73304314124139713     
 -0.28096777852663202        1.8770209445955850     
 -0.15140565517120086       0.37680313936010246     
 -0.39106563004536676      -0.78950275421424077     
 -0.56421972641157270       -1.5430535974071360     
  -1.1158814243538111      -0.25259510494193643     
 -0.88726723605191526       -7.0784158033503061E-002
 -0.14084635943974622       -1.0712415807512119     
  0.42215984567576292      -0.91500561186043927     
 -0.12541869650283544       -5.6778526783101690E-003
   1.1322282534990573        2.5171659003539848E-002
  -1.0935169417216479        1.0287278669329818     
 -0.58153837475073789        7.0580085414205102E-002
  0.39213863287490769      -0.25495266559609275     
 -0.10618130981105856       0.80974996872862248     
  -2.7084548935742774        2.8119644719228458     
  0.25284119488527868       0.83805231102272537     
 -0.21801155892215851      -0.23296567160943338     
  0.24351227309932710       0.80023804911292107     
 -0.57744432797839229       -1.3803440646254841     
  0.75039947364231008       -1.7232880422711427     
 -0.72848569580727163      -0.30195991314392917     
 -0.24878830429209287      -0.23557947097064585     
   9.5407431325258196E-002   1.0600779454103071     
  0.38304215494334148      -0.42148105636960698     
 -0.42254415489480746       0.24582481014675173     
  0.66167330558517778      -0.43755311309760997     
  0.77111438753370587       0.64636355495085251     
  0.27916231928597113       -1.0869978509338392     
   1.3878575897013652        1.4603808643220559     
 -0.30046382424299711      -0.64503380918496611     
  0.98984863117365673       -1.2960388282999955     
  0.98942405541401246        1.9425104387889034     
  0.36153959940095060        4.3007931615340889E-002
  -3.5364067004972632E-002 -0.73584575838558242     
 -0.18071821267888855       0.62731138060772007     
  0.17568552540175231       -2.3319524968947034     
 -0.36079323420409426        1.7311373103684682     
 -0.23792495048908513        1.9392608624429637     
  -1.4209974692662941E-002 -0.33003569841714325     
 -0.38892214655414703       0.22098501244535412     
  0.56155923977981737       0.52577234235545800     
  0.16186682476749514      -0.11771008079948847     
  0.19008155664588572        1.1226595351446911     
  -3.5116012683472364E-002  0.16819160368623912     
  0.46137730184193976       0.99073076577238028     
   5.1457494777418011E-002  -1.1873348480939714     
  0.22305531776438348      -0.20452773181909253     
  0.46915910361785718       -1.4617619720807340     
 -0.37483042164902902      -0.19590847037850348     
  0.94140123489168548       0.24068367516839975     
  0.41850576917712801        2.4729971362748904     
  0.63823840762484274       0.60999082262922777     
   1.0456866645924212      -0.58377112796671848     
  0.71931022791578625        1.3380120800138031     
  0.12565766482359886      -0.47789168850255886     
  0.14741094323705439      -0.57216487345915512     
 -0.32604725490190511       0.52568064606356035     
  0.39227357346591496      -0.32843433984250137     
 -0.18165026688495847       0.27507659956665875     
  0.44402338322466189       0.55625019122734787     
   3.9324320653421285E-002   9.9519432911259698E-002
  0.43762352592939835       0.65230051288598834     
 -0.42524942541957422       -1.2526954860412640     
   5.0343806456403795E-002 -0.26301611625301646     
 -0.26165810342725582      -0.69185426012479168     
 -0.33654384664640702       0.29893571604403457     
  0.85928479413677339      -0.33485350813828763     
  0.54499757221997647       -1.6665405990983928     
  0.78281043081388024       0.65746506767103829     
 -0.89105185710238199       -1.1619483229871768     
  0.34085608141367085      -0.29053287386553639     
  0.64816051028666477       0.25594956384858203     
  0.32710806650670210       0.67231519469073875     
   1.1946159500322537      -0.96470681886106735     
   9.1694728757594768E-003  0.36798515679442234     
   6.4177403699210434E-002  0.66578233006610277     
   3.7521214871383934E-002  -1.1173666002709883     
 -0.42193673159762934       0.72428989347421391     
  0.41670064345314639        6.9110366415310029E-002
  0.43329470907093981      -0.66206071829484836     
  -1.2808596317855203       0.86471010505309276     
  0.94938605491714445      -0.85373346232718927     
 -0.12836133507122804        1.6242292767701236     
  0.27069616685997555       0.34250078076293827     
  0.25579525341020926       0.55381645315258299     
  0.55520610090299427       0.49480089255327059     
  0.32142810937522248       0.38696127239546813     
  -1.6621836091832431E-003  0.17959744803562983     
  -6.1032023719138018E-002   7.2405275232410832E-002
  0.43513904795804714      -0.46017542504692410     
  0.72738548618943577       0.57304617441849504     
  0.78646110298357996      -0.46457443268229470     
 -0.25039816466066211      -0.17587286116517861     
 -0.91751211797811538       0.70693899023377327     
  0.33283800810872388      -0.23408083655581163     
 -0.59193534659399338      -0.88136588786678605     
  0.13061517367534936       0.40637020747400526     
  -2.4906646887650541E-002  -1.3343015573464023     
 -0.47727024453494604      -0.12803355642045722     
  0.47435901110698031      -0.30361444589404807     
  0.51412286836616494       -8.2580593330336266E-003
  -4.2619789894988713E-003 -0.33727255301649617     
  0.28503677716822395       0.28611927845334706     
 -0.62347301457249937       -1.3417804050792077     
 -0.74013387399274255       -2.8210464118500904     
   2.1474100310712796       0.81575353417419283     
 -0.67434500987171364      -0.97260041115648177     
 -0.40456701517580124      -0.31130201972888077     
 -0.36005828490410730      -0.50465822394517423     
 -0.20505900523640463       0.19056144270588754     
  0.57950711058788618      -0.16247682974345712     
  0.54809665985369127       0.18121408885191417     
 -0.46849283363370331       -1.1761552091908687     
  0.68959885028419132       0.93626272537333799     
  0.66858597042384804       0.90670842411505648     
  0.57248901267904939        7.2785278015817509E-002
  0.15806389818313227      -0.81884232216020281     
 -0.98200226158313986       -1.3181436685221550     
  0.12416900013751708      -0.40395800622922173     
  -1.0486747327121972       -3.8494484479901808E-002
 -0.26006757134949998       -6.1172654988974048E-002
 -0.84716691990499349      -0.46528063046327217     
 -0.50165456873138781       -2.3080636475404077     
  0.50668117769049426       0.52293534019155941     
 -0.37604112513362808      -0.68149377228536434     
 -0.33296591518235019      -0.57146951058850504     
  0.26509974428477556       0.53713991665514726     
 -0.48209849230739310       0.17655993777808301     
 -0.28050389824140298       0.53007637249712791     
  0.91952881314492763       0.66155974592867195     
  0.14838639842975865       -1.0034354390407194     
 -0.67619857531763050       0.36219893695357219     
  -1.5806791996766909      -0.19799191882765921     
  -1.1653534718710818       -1.2151567257374738     
 -0.59047873730004685      -0.75737545213623148     
  -1.0095103135455443      -0.76513860977946091     
  0.24689576063954988       0.32386001985947377     
  0.21128644586894652       0.90071984386406434     
 -0.26810314553081416        1.1809849430408574     
   1.5207601570390805E-002   6.8257931232008337E-002
 -0.49153027842096242       0.38030994977609073     
  -1.4117107598780660      -0.83329160702891858     
  0.44133484972803738       0.21509179876910636     
  0.50507730831071629        1.2722643292879101     
 -0.18066307123557235        1.9382390560691141     
 -0.54611953026331850       0.90592783266998322     
   3.0338336786351450E-002  0.47085228407089053     
 -0.34461736810770671      -0.49920361983436284     
  -1.8935644157307641E-002 -0.68654268952498332     
  -2.3420143874822497E-002 -0.13002592728598303     
  0.24835977044179280       -1.7977959787276592     
 -0.55510563356727038       0.20750130654157123     
 -0.33273539739311470      -0.58722865555974091     
 -0.75418342171628971      -0.54697551875245320     
 -0.54415835487770248      -0.20221723927690877     
 -0.53219303251222494        2.1022491820192060     
  -3.4102869564358318E-002  0.45841212811452720     
 -0.85881556928005198      -0.66463825341256977     
 -0.36677879896654431       -8.7031670763120614E-002
 -0.81828740810994360        2.4195744672015818     
  -1.2685154000894561      -0.92487324259078108     
  0.65593817752065564       0.67668378130284046     
 -0.44695184917596165       0.41024676771881835     
 -0.49273050284220421        2.0910524738850143     
 -0.72058445639343938        4.8533385004617083E-002
 -0.34115922796232467       0.67222638489379283     
   8.2771532634133338E-002 -0.18934327818385294     
 -0.92926997902656028        7.2044037638363478E-002
 -0.50791840008747347        1.0365340051015366     
 -0.43779525309134448       0.30735151304962394     
 -0.20393512572823480       -1.9114543704614657     
 -0.53242161665314514       0.37064643472755937     
  -1.0044733597809694       0.55090480997601710     
  -1.0762892056948996      -0.32414056089927651     
 -0.70209166170132575      -0.26685517721877777     
 -0.26850245686358071       0.86807610203656815     
   5.5846084450154432E-002   1.6312410569217901E-002
  0.31625062383639069        1.3627524199196148     
 -0.41973762275940385       -1.4196826711605237     
 -0.29372306671826631      -0.76048402518942471     
  -1.3035501623153565       0.63225472576470176     
  -1.3086409854884462       -1.0794707678353719     
  0.81321438726833351        2.1913305001880641     
 -0.11497484224667931       -1.7693004739492237     
  0.29094423084266585       -1.6468329673514466     
  -3.7231917019096228E-002 -0.60038410446645962     
  0.18157928422808678       0.34129984206821318     
  0.24863282194043490        1.6134781317877764     
 -0.36141245297554869       -1.0201803957046183     
 -0.54963245097005897       -2.3863711281578048E-002
 -0.44581212936920989      -0.65099421541997959     
 -0.67287932848992549       0.90704067871124716     
  0.12437050249996351      -0.89440951752956388     
  0.16412917997824028        8.1804778422473912E-002
   1.2070246495147319E-002   1.7476353116761814     
  0.29927263682367350       0.54233956646014037     
 -0.27128290101588792        1.0964281360219648     
  0.51170365101690607      -0.63645209334874953     
 -0.12777857669632664       0.78511462889979533     
  0.65794927154987282        2.6110163073527182     
  0.37881567290050344      -0.49797012936701973     
  0.28144054153564202      -0.88990121809748324     
  0.15226363514970698       0.48473110339446102     
  0.61495819443151223       -1.4296193351749522     
  -7.0407680980225762E-002   9.2273828200703928E-002
 -0.14448689731882103      -0.21392532095751157     
  0.29645615548521898        1.2127305327731026     
  -1.7262166052302685E-002  0.14939345598902981     
  0.28887603377787263      -0.93833401277178252     
 -0.29764552091436636       -1.2141381775155073     
 -0.51796715635703039       -1.7496873132326034     
 -0.81473134849754048       -1.4100580609748155     
  0.40798901017179801        1.4328282474911576     
  0.45261583894970125       0.73079790053358917     
  0.33224605837375942      -0.86082452734641168     
  0.36196426249162306        1.6959532628489122     
   7.8077969839468242E-002 -0.31510049796450085     
  0.41769502365438110      -0.80222907098516472     
  0.16175321545837851        1.1517634671131605     
  0.80380252246624295       -1.5138138788220037     
 -0.34139415378625027       -1.1136492798811293     
  0.81114507997668439      -0.17043204857451644     
  0.75215760854365477       0.25794518532983901     
   1.2884531291333934E-002  0.18915784311530864     
 -0.12319393372946585      -0.15020493306101007     
 -0.26726379191590977        1.1268560423976777     
  0.69840637516548942       -1.3361689097638805     
   1.3022388602950765       0.39641753768738930     
   1.2315581233691240       0.58862283862485032     
  0.59342976193069230      -0.41190842752981438     
 -0.11516756364643521      -0.46758541165581047     
  -8.5985905143099561E-002  -2.0327952893766508     
 -0.29855803700598954      -0.51392966053995359     
   6.4626816386853358E-002  -1.5318020593345141     
  0.49749962811953730       0.50518510826427354     
  0.70953703867937201       0.91846250226023884     
 -0.33832614552306772      -0.30416127044322860     
   1.0941572582577237       0.93132208809043870     
  0.22954355302748519       -4.2724319175014708E-002
   1.2670119913041904        8.8155898537594479E-002
  0.21445469199595618      -0.16356027893106304     
  0.51707578300659529      -0.98855141966793669     
 -0.67029516188858829       0.58743777687629850     
  0.33359283876865453       0.62041933084986201     
 -0.88604106438152175       0.71507020366317420     
   7.6170350610076487E-002 -0.96058224262324443     
  -6.7790462301199894E-002 -0.16385559979083281     
  0.11122456030448946       -1.4742522387341943     
  0.83581482289825537       -1.8092039584783601     
 -0.42781648640860792       0.90977382212450053     
  0.65198138641277947       -1.1919370660250457     
   1.1968626095277037      -0.59728344228080132     
  0.13169351752262015      -0.81466309924944202     
  -8.2904886288227952E-002 -0.40701415932859569     
  0.30904410837826846       0.55739596747868114     
  0.38448781907586183      -0.15117910582255453     
  0.38632414540271187       0.35705013864268997     
  0.39948708009307926       0.26843523203904063     
 -0.44792003699229088        7.2886074992767474E-002
  0.45305825151219437      -0.29212110470874753     
 -0.53299844617288883       -1.9027841879245844     
  -9.3874372747016044E-002  0.33001733762933361     
 -0.18951008160963645       -3.1054499793180923E-002
  0.81672386534155483       0.83298822971488151     
 -0.28905372073414348      -0.73094121135641255     
  0.97454128929293582      -0.19229632792964174     
  0.74438658587495465       0.54352267294622214     
  0.38543787925657935        1.2146756552534996     
   3.8907233098007143E-002  0.69588864657113858     
 -0.77549415185256232      -0.24624085174987942     
  -6.2466009540810163E-002  0.23351717644182168     
 -0.13941908295718358        1.2905749222899765     
  0.18473889519352332      -0.80747764448807025     
  -8.7263077771543740E-002  -5.2959185719078511E-002
   2.8180967265373336E-002 -0.27094226955539608     
  0.37059457999240508        6.8354226672018237E-002
 -0.66891430317544942       -1.8242898274138188     
 -0.28424015670554709       -1.5338922571942377     
  0.31782253066089927      -0.77857504502896746     
  0.19291365993188170        1.2903358065215467     
  -8.2041061797107961E-002  -3.1124266082643364     
  -1.0465104768104214       0.29580387480589476     
  0.50644609857473566       -2.3576814756703817     
 -0.53250156924100789      -0.52189629868860410     
  0.48893282836382934      -0.27389513063551330     
   2.0958388064606703E-002   1.0165063069626097     
   3.3642652494504377E-003 -0.90238821951076809     
 -0.30306988326379092       0.53804007014581323     
  0.87707006381403996       0.45180293496745183     
  0.81009864041522717       -1.7509560687814834     
 -0.17265864544621967       -3.0923431801792924     
  0.57022865038414994       -4.1820290767745174     
  0.22433613248136286      -0.45540212520264112     
  0.27230522393550083       -4.9574014345017514E-002
  -5.5737389648514268E-002   1.3026769721417728     
  -1.4375880277257611      -0.55320731646785359     
 -0.39478338630812704       0.29579295061685984     
 -0.36526762230761234       0.50730308762941401     
 -0.36288382332316760        1.1454391726268875     
  0.23029294531633582       -6.9044172384158387E-003
 -0.56920377990315862      -0.58639080254619558     
  0.14370249072218144      -0.46207424972044164     
  0.67843003795057699       -9.1281601048333647E-002
 -0.13195821378998446        1.7151601879526732     
 -0.50909374177779543        3.0766791988924660     
  0.26074998085922008       0.98953663149609195     
 -0.47369670671591185        5.1410829114436028E-002
 -0.22632589369400552       0.41712210420483098     
 -0.72836825690868201        1.1710853268078756     
  0.51800198596491864        1.9352474074957791     
  0.20237180919613906        1.8841067619608167     
  -9.6692049176350048E-002  0.58472968352949084     
 -0.12218035673104854      -0.19717365982091570     
  0.44124903474718391       0.16368827645574441     
  -1.4271734407839576       -1.3711210052433662     
  0.18869201843419270        1.2479751019999248     
  -2.7754962330576172E-002  -5.7736436259370916E-002
 -0.32342099808485392       -3.8098601086349951E-002
   8.3925521856125340E-002  0.58505629307655571     
  0.55233776679381275       -4.3032078629420004E-002
  0.41080763894635230        2.2260969467843870     
  0.19286897864365926      -0.26151313418966188     
  -8.0394020096550833E-002  0.36103244161495479     
  0.66486277433782448      -0.91804520085710650     
  -4.2700368969999014E-002 -0.30908302341536514     
  0.13755265403747247        2.0116317636752656     
 -0.58530218064411710        1.9105336868041183     
  -5.8659337300537295E-005 -0.31321017302352816     
 -0.61633399395446697       -1.2177191265503171     
 -0.16485196650070544       0.73928865754331718     
  0.56354259880707913      -0.35398383374090908     
 -0.33549497379846471        2.0099571530906593     
  0.54893513330770882       0.58018134145763822     
  0.67732328538152209      -0.55592524965101853     
 -0.90539493714976349       -1.6336331763088602E-002
  0.51327733080482507      -0.16141496430659391     
  0.25622951397418914       0.36988981049996511     
  0.83372447540478301       -1.0269323147174978     
  0.89324154618816265      -0.38102295723621366     
   1.2498087328116174       -1.0221260093944182     
  0.23066489667927303        1.4519804903487505     
 -0.13785009993440589       -4.6343459581957236E-002
   1.8331954767500016       0.89610774117413550     
 -0.42671041190805292       -1.7829857429624618E-002
   1.4116124896223230      -0.95413357337604376     
  -8.8121445529412035E-002  0.72701413132537629     
  0.54079037191791957      -0.43682986709636595     
 -0.41470136083900522       -1.0845978933013265     
  -9.6895927052120412E-002  -1.1238893207059073     
  -1.2356943869253179E-002 -0.22735107699526200     
  0.23212932499030214        1.8488612128294410     
  0.82364021061458281      -0.17038565196470998     
  -6.2604512012357061E-002  0.10718082137693444     
  0.60527890286776032       -6.0518238976746380E-002
  0.12609817497336362      -0.59318793275330561     
  0.78513447642547840       0.50360232571513741     
  0.38133778241537786       0.36213474596457523     
  0.23420194286540169       0.72247349686928786     
  0.63661751063146821      -0.76294618960992766     
  0.53860557975382861      -0.62177421173285952     
  0.47304575037171337        3.4527575220453852     
  0.69018131049974851       0.21701372495499860     
   1.5572670086057576        1.0677687889527721     
   1.4883601698400604       0.27268309394639673     
   1.5596109883477312       0.57405347285783237     
   1.9775128277021443       -2.5220643710277670     
   2.8276937572537273      -0.64062086148637631     
 -0.72837040214924498       0.44323274791219819     
 -0.27802088015030402        8.4772022299595906E-002
 -0.32317170822241714      -0.29129108839619178     
 -0.35338458360458747       -3.0081255828998028     
  -1.4619646163269953       0.41134071989753224     
 -0.65243421356621489       -4.0089265298247758     
  0.44935414089078152       -1.2051412742167915     
  0.16580718794841087       0.16827140907630012     
 -0.12098592622158866       0.28356025700903709     
  -2.8795082165251618E-002  0.96062766316601866     
 -0.74297114598247538      -0.11613382675168199     
 -0.18396691564566592       0.59964388188777717     
  -8.7765606917837302E-002   2.6708839527235302     
 -0.14175447330515423       0.16854383899060127     
  -1.1036316596834508      -0.59849782546318109     
 -0.99646722331231352        1.1173534166932559     
  -7.2647392623190310E-002  0.89711818604244642     
 -0.16943777313616737        1.9406704686595639     
  0.41109412624066799      -0.24379269730850606     
 -0.80103350900688675      -0.19775865046508978     
  -1.3790181923933864        1.5892532551640342     
 -0.85464211085061748       -1.7423015241987894     
  0.81438563600647051        1.0783512567368188     
 -0.23624127966472097       0.21051864792316152     
  0.50124423753364511        1.5739002633043577     
  0.44193596249020062        3.3254730792239999     
 -0.71704162856472498       -6.5735402260966733E-002
   7.3389981071263932E-002 -0.23930669533819943     
 -0.39161954510607261      -0.65960685215823889     
 -0.24467552269655424       0.31237610421128598     
 -0.82151476506293619        1.5148217799271104     
  -8.0880671316412078E-002  0.95342074994177584     
 -0.34748169377109206       0.28629494283863222     
 -0.56352749622371778       0.50209561905569855     
 -0.52757066550770382       0.10574005998893635     
  0.57211547347371805        1.6142293087875856     
  -1.2846639670367970        1.0994362380537488     
  0.78148288046698422       -2.8923462012903816     
  -3.5689652729526147        2.8590628860370182     
   1.6848422282539648       -2.4639971105243692     
  0.20183791287904373        2.2563210379848520     
 -0.16432373436571313       0.30462215685484062     
   1.1624866257370801      -0.46808160243968966     
  0.58474063958760958       -1.1762653242438748     
  0.50316092275909652       -2.2531442015088676     
  -3.2365083712694420E-002  0.29019337377171717     
  0.62356521846559743       -2.3480678779289152     
  0.32390551375784260       -6.3138023970434512E-002
 -0.44662607599226833      -0.66271537008110148     
  0.40487923120461833       0.71384076432575061     
  0.14882085191462491        1.9205204288173410     
  0.20574921619794373      -0.77280498597880687     
  0.11109680063946881       -1.3348054470452562     
 -0.97836512126730912       -1.4581576641638174     
 -0.51588870221370642      -0.44851307902004911     
  -7.8388624801706830E-002 -0.93051025846441493     
 -0.28142811288963931       -1.6527141956422547E-002
  0.53572540580099093       -1.5305858175606841     
  -1.0128188583154922       -1.5911891018443218     
  0.62574170134058271      -0.83892098451287289     
 -0.85541243962247282        2.7027533112064468E-002
  0.29583483886516859       -2.7715477923559764     
  0.83652967465654371        1.6031239872955112     
  -2.4524454669561768E-002  0.96929145772820191     
 -0.85645682026160097      -0.10735668745707200     
   5.9775260362665339E-002 -0.84957571211703153     
 -0.34551125117949544        1.8626766938549464     
 -0.82436575729838146       -4.8205958526662238     
 -0.33850751135801715        1.3204615765646064     
 -0.26076703572472726        2.2829330544937045     
 -0.40135145970259822       -1.2131880194054525     
  -1.1956660856458645        4.3860651058756570     
 -0.83142967185791328        1.3942897346891663     
 -0.48074843373106613       -1.4894445417979545     
  0.18695622912714560      -0.20853062396175470     
 -0.11569255830139302       0.61137174912745096     
  0.43177578088726110       -1.8905377831342920     
  0.34674221962895380        1.4024456219849104     
  -2.5944220074377355E-002   1.9006524960906563     
 -0.81060741131217584        6.8408774274802089E-002
  -4.1546363025261046E-003   8.6550072930123997E-002
   1.7197696399076652       0.61638406496986320     
  -3.3969735831762011       -1.7037661817457967     
   2.0713497913420751       -3.0429683497497546     
  -2.9792088985143295E-002  0.11864669243862597     
  0.61219374327474452       -2.0429319022337178     
 -0.78529404431714456        2.9828663285202084     
  0.21489237697753905       -2.8456642000308117     
  -1.4338415186196762        1.1280725249145218     
  0.19935474203886905      -0.18676378256754833     
  -1.8135299428343821        2.5559426122972697     
   1.2018998363440174        1.3453873445556255     
  -1.2003706328274413        2.4967558259965084     
   1.2275222254346514       0.96563347736526484     
   4.1847844459253825E-002   3.0774618451841027     
 -0.33442305752029189       0.79917708113394625     
  0.62617213271893601       0.81456489314961034     
  0.49807266944880269        1.0619832804933995     
 -0.12597173407582596       -5.4303208919457813     
 -0.58197383023309612       -1.7136727746464346     
  0.75267947957272541        1.4293458179790970     
 -0.58334163258054827        3.6670100468971132     
   2.0394254093536262       0.45474406903442344     
 -0.45328380199173335       0.39841270836709491     
 -0.87953283052201336       0.97158461376676086     
 -0.95856747803853048        1.2799959006979456     
   2.9836959627602022E-002  0.45483987338759568     
   1.1659181703191237       0.53813426713445844     
 -0.11863808796767872       -5.6479513745911829     
 -0.60033353965053649      -0.50251797699692435     
   1.4486740014537949       -1.0067912073971685     
 -0.71698282840445804       -1.3649526867063162     
 -0.35165272331076358      -0.19580157035355786     
  0.21955977901087242       -1.2024109984961762     
  0.15523263644922691        1.5740627468286776     
  0.60524139637729757        3.7782789017503928     
 -0.18276396548919926       0.17193061984951638     
  -1.2288174016427760        1.1183444225576942     
 -0.28855430582675345      -0.39254619731917778     
 -0.21953833476216078        1.6222275647291826     
 -0.82617169561264570       -3.4045256025995556     
 -0.35365418908736590       -2.1917611441427600     
 -0.32785382106669436       -9.5818826584594063E-002
  0.31881361889340676       -1.5934872450857884     
   1.5773588493793165      -0.11100833495141271     
  -3.6407411222906028E-002  -1.2279493542712729     
 -0.66735064530933341       0.90701224720332174     
 -0.88252483727090403      -0.72902540744599797     
  0.20785606399692713        2.5159422820674719     
 -0.79058831262541029       0.99960114061421357     
 -0.16000518476309955       -1.9769262822236884     
  -1.0214200345955775       -2.2487237683261436     
  -2.5409323948688334E-002 -0.50070928471256637     
 -0.19322159943257566        1.1669759364752252     
 -0.43824900092111974       -2.7620083287717665     
 -0.88081401958297245       0.52373857155840187     
 -0.29484894751000612       -1.0674653409910970     
  -1.9235266088461684       -1.5742170821611579     
   1.1670587176600522        1.9540438218572791     
 -0.73607210607349027       -1.9811563367130083     
 -0.60595327715282599       -9.7267862600365185E-002
  -1.0520218575944269       0.93023854796178540     
  -1.6357753154090386       0.69055053115551535     
 -0.44681395035407756       0.16406189273190563     
  0.13929421591050839        1.5934124486773809     
   9.1116426039705045E-002  -3.9949779533631142     
   2.3438860322970108        6.0143322300280468     
  -1.9879000286179338       -2.1745459508546707     
 -0.70234231892919641       -2.7850111464995733     
  0.87656003991605469       0.99131519081468777     
  0.64250006293019557        1.7501777194254826     
  -2.7932111986195052E-002  -4.5302581538438345     
   1.4899009207252210       0.74821118965299305     
  -1.2417035772528475       0.74916695317297366     
   1.2286859037425566       0.47732880997926319     
 -0.12974223635906285       0.16026390591565270     
  0.11498127834427530       0.10640430110137122     
  0.26192646466121439       0.32803571797099507     
 -0.27090833077643106       0.97996676789815973     
 -0.27899366755596500       0.37626748272806748     
 -0.34121827671400440       -2.4328055434209914     
  0.83243208323437168        1.6499113424345337     
 -0.90115633125680272      -0.82108607241288167     
  -1.9926465565669107      -0.90931005340363302     
 -0.20138565445507095       -1.1981969930247085     
   1.2352999635242932        2.9330547637358775     
  0.86858974139685241      -0.10664416165658608     
   1.0621760951668318      -0.65909039106649203     
  0.66849493975106533        3.2737774654182870     
  0.45608960594335635        3.1708195167153170     
 -0.48123415985785178       -2.2032096426636452     
 -0.24983557247357213      -0.41741987746210840     
  0.22603941788894572      -0.11873705353736326     
   8.0179262672326390E-002  0.31194756163010551     
  0.45223736524653413      -0.81381290360740088     
  0.36060540273427566       0.35713821258771206     
  0.92810791570855933      -0.24414287097474821     
  0.77167163868832200        2.8714659529432431     
 -0.25938383325060566       -3.2816043341334762     
  0.19399334231464460       -2.4465519681815375     
  0.49707873838714245       -3.8575308172662939     
  0.56927016838796751        1.8108877289017840     
  0.46690349453419111       0.61114191925717176     
 -0.32027480212779080      -0.64508691528567430     
   3.8726495198890820E-003  -1.4526128972830548     
  0.38650536747649356       0.93761181502345536     
  -8.0418076478906420E-002   1.8209565462257538     
 -0.15241771783340452      -0.78641674630907243     
   1.5029408731737046       0.30224313955879473     
  0.71087999912123401       -1.2558257921486693     
 -0.40736924583907119       -1.4401050976283014     
 -0.61771767354669604      -0.27542570690270290     
  0.99530768751067633        2.0917474967932117     
   1.1935882301280638       0.40360391137253437     
   1.5299523053587678       -1.7021704742996513     
 -0.30555224626913036       0.72845422907013480     
  -1.1002674264938774       -1.0921400427480807     
  0.32612532762326429       0.53697677343938033     
  0.32767624884129454       0.43447553360600433     
  0.39649826723998388      -0.17653916309921197     
  0.72841030573753685       0.44033573652744434     
 -0.23796705772973437       -1.5577238019271471     
 -0.39618016571176495       0.32260806272044057     
 -0.16331548909406690      -0.36537454040092726     
  0.65736964922059382      -0.84805865212694753     
  0.53010690274776606        1.9957883508305223     
 -0.64732776556305560        3.0563890857788336     
  0.55912301263319364       -1.9475997027590353     
  -1.3061105425763340       -1.4114268097182099     
   1.0978934997668723       0.10797185217953786     
  0.22967496832692302       0.18053739649353054     
  0.13066351270403331      -0.87859831408738986     
  0.29562883085847125      -0.59247164286747478     
  0.41087017967089590       -2.2803184622987507     
  0.67076604838268206       -2.1761999318523224     
 -0.81221532452632705       0.58591084666340620     
 -0.27929105106972552       0.66218397629734382     
  0.70560384983411406      -0.69017969578392369     
  -4.2924945506628509E-002 -0.35101408490240749     
  0.36976286107546541       0.47643007965413775     
  0.54185088696914452       -1.7503218627012922     
  0.63366490396905639      -0.42566228979323550     
 -0.57683234172338427      -0.49591290825431700     
   1.2562931264476891       -1.8289909034467722     
  0.22375999886762044        1.5591452409495803     
 -0.32733939899665332       -1.1240859611658296     
 -0.69239133180955581        2.0964554288439685     
   1.3699395705816257       -1.9210475594073277     
 -0.45579302377603925        1.6362134107933626     
   9.7906733318593564E-002   7.2115812870924278E-002
  0.27790242801836640       0.83413426022494830     
  0.32608709958186455        2.3326622640625314     
  0.14135613654677032      -0.31248463239999269     
 -0.37902917565329658      -0.22531956291881142     
 -0.44614985213293590      -0.78142403442580077     
  0.69745262786418782       0.86653988729849485     
   4.3082190565727263E-002   3.2114150795233174     
   1.2648688432835005       -3.9285169844990442     
   9.9337612927862196E-002  -2.2249274582499443     
 -0.58631738730002070       -4.9033402834833497     
  -1.0052110072282843       0.23943013608041305     
  0.41890578640769216      -0.45576340970081514     
 -0.32714583467390557        1.0681487728832391     
  0.86152056467423233       0.13033664537673142     
  0.17405684205938554        2.6981082922523498     
 -0.30990027346975391       0.55985756301036826     
 -0.43413651982142926       0.27400947683646376     
  0.17538820492047963       0.99915425121524770     
  0.22793090964740059        1.2402314522296338     
   4.4803704401582323E-002   2.2251512398152751     
  0.28670201239117044       0.87800381047685150     
 -0.98419723393431391       -9.6366803390288913E-002
 -0.49073833314395876       -8.7130111847916969E-002
  0.86683216298956123      -0.17924811147580857     
   1.0727823995939074       -2.8485917440406019     
 -0.62552363542379985       -2.9179518089607761     
  -1.9530082299297180      -0.64762234767667559     
  -1.3810797528481404       0.77208260712970689     
 -0.11962868045680564       0.14192921689956256     
 -0.24410481476403589       -5.4192185438532887E-002
  0.79324252640075632        2.0099909453336333     
  0.74673370123816518       0.54114624945933976     
 -0.60487599365100531       0.75265254764353950     
 -0.61106883621653751       -2.3774945873310314     
  0.26278884293078808      -0.49336858054815652     
 -0.67176137238247835      -0.23779174798133282     
   5.8223992031401384E-002 -0.12430971075025113     
  -1.4877902812706139        1.8263360144564786     
  -2.6229972760748210        3.1308922438041167     
   7.2315077220109991E-002 -0.82881199584449439     
  0.37001635238689534      -0.10765726489128458     
  -1.3203240480531790      -0.44704975536413211     
 -0.47011605610951157        1.0483029688332712     
  0.86376555968225666       -3.4496418806289744     
 -0.45113236643586796       -2.8496806591632686     
 -0.97993939051087953       -3.3383389246133812     
  -1.0946764063855710       -1.4237869001407297     
 -0.12775345865954435       0.90393516479684977     
   1.6029348041491147       0.77933722546151374     
 -0.36977078389870144      -0.49597258257199672     
 -0.22803144729279157      -0.80411484840244174     
  -1.6833695320909547       -1.4860072397075024     
  0.81073139490833368        1.1966280032520511     
 -0.39568422139684500       -2.9664526334300012     
  -7.2709495832846471E-002 -0.12814711590260983     
 -0.29799939505560569      -0.28963571210589889     
 -0.73024966139694292       -2.0530517255223897     
 -0.88077918285754753        1.4631031098740892     
 -0.67265820042099522        1.6315398244760126     
  0.45394144307224088      -0.96581256115560588     
 -0.63267428368808809      -0.14730024035638983     
  0.19178229717268525       -2.0370452282929028     
 -0.45902928150792810        1.4750509179749915     
  -1.0713824753441143       -1.4829354983800982     
  -1.6719845947547305       0.57368397354800171     
   5.6951627177443953E-003   1.4681495458191893     
  0.46112288001692292        2.4050999052376216     
 -0.71296797017706970        9.2334199134858796E-002
 -0.46786081024857240      -0.11868504897373269     
 -0.82315059755580910       0.13528831874163877     
  -7.5761007811363190E-002  0.16685179387457616     
  0.10643915822254046      -0.15627155927593109     
 -0.33323720830493930        2.1006204835956130     
  -2.1450995593275470       -3.5899203603958938     
  -1.6903886210681112        1.4462308271064883     
 -0.18971860076197244       -2.2888819312215434     
  -5.7824906074020355E-002   1.0881479176109974     
   1.4869841179220089        2.5277564030135129     
 -0.95752512017166103        1.9324041952775288     
  0.52878310201452927       0.38403725712618275     
 -0.19328904339554587       0.70710546371563798     
 -0.62827117898243046       0.28783106705113953     
 -0.26669673298511493      -0.74764764210696777     
  -1.4495744820248206        1.2106354175384251     
  -5.5644213607903170E-002   1.5857281970039607     
 -0.66471662372456131        1.1401198698969377     
  0.33292092033672893        1.5647025398511345     
 -0.54243131197972239       -3.0241955637263600     
  0.53014891367760186      -0.70049642538006895     
 -0.16506225723342216       0.15194072421874111     
 -0.32506764996021154        1.1409580558850296     
 -0.11080796591997955      -0.34980854097938252     
 -0.64572568039948941       -2.2961623991724083     
   3.1889569008695329E-002 -0.65861426013574942     
 -0.69020218852321091      -0.51285893173857622     
  -1.0002516339094822       0.92242421380107043     
  0.47486666353473472       0.77535995445430783     
   1.3364843651723535       -3.2923736680222468     
 -0.60892559117769918        1.2669447471403512     
   1.4329557470078029        1.0719453096285094     
 -0.15295571358672175       0.55274423767941039     
  -1.8274244457341410E-002  0.70449772906185926     
  0.10051942139302128        1.4821293692537143     
 -0.17189599841686257      -0.19581959176374850     
  0.27292986289213184       -1.2935611591172937     
  0.56898004141120073      -0.88784522751847661     
 -0.26047277491067422       -2.5301945073693979     
  0.81379302338343618       -1.0687482779851554     
  0.71870174564226175        4.4355631555022840E-002
 -0.32804036096913636        2.7693366586797086     
  0.14603009109113074       0.49316024251146229     
  0.38034210106489186      -0.79236780479485369     
  0.25889146705069810      -0.68992240539122129     
  0.21407877792934404        2.3477018737453630     
  0.30722390125936816       -1.7284704232841459     
  -2.4276463764680365       -2.0234595092827070     
  -1.4254693863604564      -0.67496128346388440     
   1.0848005229454263       -1.0092330209062510     
  0.33828963351184593       -1.4328385389319418     
  0.55563602992947780       -3.5789520912534982     
   1.5403632628876314       0.11588680409299859     
   1.2478362719071214       -5.8649428686773799     
  0.60530181802292937       -2.9364438037183787     
  -4.6192954390749552E-002  -1.6158401330198984     
   1.5715412856748157      -0.57831358973311575     
   1.6526464805880123       -1.5852183708291201     
  0.79229219783666127      -0.22118354025322029     
 -0.75177569805677436        1.2937571305862114     
 -0.56239546449794797       -1.0020564813354478     
 -0.26999245501702440      -0.57849602483862950     
  0.24198315863262088       -1.8150392619639195     
  0.42601007543610181       0.98515023833341731     
  0.30844084545148298       -1.4423098399825269     
  -7.4394105813154532E-002  0.28749849287042739     
   1.6232687687843139E-002  0.40010050296363575     
 -0.11183853365902852       0.98470537103533751     
  0.61641081183992597      -0.71763667872930037     
  0.91666212684196346       -2.5403897295006401     
  -6.7991564148028871E-003 -0.75000356499223020     
  0.93738173600821817       0.42941284045770250     
 -0.50117525674285135        9.8868954516519669E-002
  0.21132647521593717       -3.2876461450923080     
 -0.11294153175455546       0.32749725669183832     
  0.87584390267614209      -0.50158975695286123     
 -0.47884359601088300        2.8305094013376104     
   1.1664945054816562        2.3786882959211599     
  0.44060706832492258       0.62715404813522879     
 -0.54703186463052900       -1.5053585599683919     
  -2.6624926506049058        3.8287725461944389     
 -0.23983618836344744        2.4408619459303083     
   2.0093283041666528       0.10883838218805653     
 -0.96651913452729588      -0.78838538966527039     
  0.77688057120102050       -1.5852977605876000     
   1.5254639612752519        2.3765048043010366     
 -0.75380137988065976       -1.7037826306934116     
  -1.1446071065697929       -1.2877582419642120     
  0.26118448618011580        4.1869775227005301E-002
   1.4426630636646203       -9.6345047092429775E-002
  0.39411801512715661       0.46823574708440968     
  0.41944525790547371      -0.60888737733356557     
   1.1822645005226253      -0.57103371077443477     
  0.60935687658713911      -0.97378649487992441     
   2.8645000293454181E-002  0.70439963786582038     
   1.6629741346541476       -1.3029776608317147     
   1.2069456974458985      -0.35223342696490462     
 -0.40192527242833753       -2.7969340324360861     
 -0.16899318891839643      -0.19366914918587763     
   1.6274951369986104        1.2513325275635805     
 -0.63436690291609144       0.30916067880599418     
 -0.31797024993584039       0.12272878910168147     
 -0.75106674491286185        9.4464472124018151E-002
 -0.26477331971066675      -0.36036107761466096     
  0.46855249013853728       -2.0724494543855654     
 -0.84649360968148746        3.3905986929685152     
 -0.71606340437334381      -0.58489172354633778     
 -0.89731456939896059        1.7876496436162050     
   1.4262759369902616       -1.8756088276946519     
  0.34430718825766271       0.20995367185076297     
  0.32937985609083498        2.0833576204605944     
 -0.63427752650450508        2.1871469473098926     
 -0.87420616686509311       -3.4397449538747980     
  -1.0337961294746416        1.4817435316024254     
 -0.19632495964373309       -1.3571585051462329     
 -0.78781802623284369        3.4798934438397304     
 -0.16561566908260561       0.96157718385191093     
  0.10557217894052978      -0.27759068956533506     
  0.37959128694424926      -0.62980934090468388     
  -2.4362148460865356        2.2790406804245817     
   1.5993851349105075      -0.31073881463150133     
  0.97311480926454075        2.9442365587153514     
  0.29625923695950401        1.2410115403246336     
  0.71126412205868772        2.1770520245105471     
  0.80520302216082507       -2.8807876543442497     
  -3.1497894716178143E-002  -1.6544996158511993     
 -0.38020116601951925      -0.28025584290955974     
  0.27677012000331747      -0.40828250940256389     
   1.1914609900248183        1.4898834270339789     
  0.50927092666079898        3.0080442159684337     
  -1.7458315216362397       -1.8668001320541621     
 -0.22686388281117642       0.59603701248335772     
 -0.84388522210309480       0.95001114652239482     
  0.34812719217380472      -0.32763846134513896     
  0.16884896641860303      -0.26892428918757516     
 -0.22743349004691249        1.2289458811154375     
 -0.54666469041170473        1.0438767506252185     
 -0.70880113962289304      -0.95691711311602123     
  0.32595559349526937       0.60232696791541251     
 -0.81667736511028421       -1.2356158888871134     
  -1.5497427737114557        1.3739339436041278     
  0.61220935579873226        1.8358321151811521     
 -0.25377230486217095        2.0095022260121040E-002
  0.53372141033782394      -0.46847760059964316     
 -0.85167295239093788      -0.66025241075167107     
  0.74895338332007089       -3.9289648135296256     
  0.72987618052063841      -0.91423199336969496     
   1.7157639849170927      -0.14052563994107370     
  0.39699497304018339       0.37503560978062622     
 -0.36439556573965803        3.4749174305891675     
 -0.52796709672564168      -0.61384849128881547     
   2.9382460959131218E-002 -0.84562356049297138     
 -0.54636887363277764       0.97786348318156202     
  0.46510199395466301        1.2838899556841237     
  -4.2185192541497885E-002  -1.5019680396052022     
   7.4099313818183798E-002  -1.2987454468302795     
  0.33796130142177577      -0.62129504684069292     
 -0.41674224397924409       0.82726317552076545     
  0.28270198545268865       -1.0484347682878576     
  0.45054131565590944        2.4714225258958598     
  0.56772662004458985        5.2115452611358606     
  0.59349140919869037       -6.0209508938257855E-002
   1.2929051024256695      -0.59157660012592028     
 -0.41955559402309539       -1.4332953962773756     
   1.9216769278178059E-002  -2.8110271160632876     
 -0.17688066218908061       -2.4357707957975929     
 -0.64592516138623290       -1.4106940365697829     
  0.85497531824343220       0.41214575984705659     
  0.45815911782884078       -1.7857973295550631     
  0.90135031294344636        3.6035183817259826     
  0.55393858629131687        2.8106795771315789     
  -4.0327511416674233E-002  0.83784621854595254     
  0.22602360955510525      -0.38907205399501094     
  0.82767715891218274       0.23973305410713958     
  0.51607143886260265        4.5167457752589595     
  0.44221118833161543        3.2602286146674859     
  0.58627106399256534       0.75196489210448580     
  0.72980762339105076        1.2209712769119614     
 -0.75747123290093488       -2.8610815200558553     
 -0.33966768537934455       -2.2390246175871722     
  0.75564383407924962       0.10084867341393627     
  0.10473344252721994        7.3689138627156842E-002
 -0.69827426726139141       -1.6137154913249165     
 -0.56228518549934270        2.7170344503661950     
  -4.8878799199461476E-002 -0.27487090920947466     
   2.7160303826387566E-002   1.7806527044636240     
  0.76507535836133045       0.22852753911968260     
  -1.3790181684290013      -0.85536562391835647     
 -0.28695293579848635       0.26717235596288813     
  0.77665029047501899       -1.6034454041523455E-002
   1.0567729444733112        1.8643824043847879     
   1.6407736899596017      -0.24622478464179220     
  0.42147859038998226        1.0960410042387951     
  0.88058603127247670       -2.6256808248771275     
  0.69522204356153583        2.4681935149745633     
  0.64719951080068416      -0.41660131237362663     
  0.44260216163754029       -1.8101874811445169     
   1.1268552491322379        7.5311963961956940E-002
   1.3873416212302261       0.51984665176622913     
   2.3613510073850961        4.8200103756950927E-002
   1.8860621729407259      -0.84039474830162431     
   3.0741455585942656       -2.3218510531062866     
 -0.72837040214924498       0.44323274791219819     
 -0.37973210240541699      -0.11494044777389908     
 -0.35053546088435927       0.33770075972229602     
 -0.33627085359459319       -7.5801328927693756E-002
 -0.98285709995153037        1.3349933156101466     
  -1.3890938944256566       -1.1596087534693948     
  -1.3848841566725079       0.11898202441785871     
 -0.61308860832931067       0.69984308995038180     
 -0.75676799429236108       0.49880580078847864     
  -2.7996228423398994E-002 -0.47325310889061195     
 -0.38811587499296363       -2.0777537801475727     
 -0.76399748383429811      -0.22203337377766008     
  -1.0827929624095081      -0.11587206421405163     
 -0.44168675069130825       0.61817517573696035     
  -1.4144165425780335       0.92781674765578015     
  0.20653033301756962      -0.37491723974138569     
 -0.56502907965043070       0.94724085635002164     
 -0.52854358057638817      -0.30544976538476382     
  0.32518142424902613       0.76905214914113629     
  -6.0779356257983641E-002  -1.2799522254184692     
  0.38411498917372139       0.84561322354823698     
 -0.85516234067393770       -2.7134874863735368     
  -8.3449236197977172E-002  -1.2397244987755462     
  0.39915769609922547       -2.5896914603801857     
  -1.5094383083403164      -0.87214446935456924     
  0.11567002916099356       -2.6051799625265857     
  0.26816490181554253      -0.79025085817615959     
   1.0301286501384654       -9.3270488131689394E-002
  0.28902761540300670       -1.6277165831433353     
   1.1940935762279894       -1.7571661293931657     
 -0.35715563217601143      -0.64561285734934371     
  -1.7641665647108118E-002   1.3580270676535047     
  -7.1475067666993963E-003 -0.49695291759051197     
 -0.27222893639857715        2.0141295092050049     
 -0.59401869566680521        1.9471478696058968     
 -0.66327393140061297       -7.3435270936942798E-002
  -1.6556422252012153       -2.3311019941607194     
  0.12279058587160696        1.4637956066410349     
  -1.8121073271848522      -0.79025589960288289     
  0.91521876953577630        2.9118308814232696     
 -0.65438427816740474        1.5602949573629816     
  0.22631773564450630        2.6509567420004543     
  0.17701726546113544      -0.14867247561125177     
 -0.88431064390629199        7.3574622927904842E-002
  0.65970380065755529       0.71693886695962161     
   1.1260446032073435E-002  0.25985687046012496     
   1.9543267943155973E-002  0.92803816222138114     
  0.54495372570500078       -1.1429336671769224     
 -0.85957007749989389       0.53039165659688114     
  0.67193563275511670       -1.4203352129085260     
   3.1472528773916597E-002  0.17600785070632247     
  0.37274255960571501       -8.4080605842035888E-002
 -0.37820181326348007        2.5183308811557721     
 -0.53063464628242385      -0.96079936377364883     
  0.56455059900219151        1.8930094869885488     
  0.29227030140912380      -0.17299178750296257     
 -0.38127493165828996       0.71485542750196174     
  0.59898097183919274        2.2322232397027255     
 -0.90782930590682143      -0.88438907414584889     
  0.17875351830802566      -0.18904850769388487     
  -1.2289596716366935       0.61085481880654924     
   5.3535053497262952E-002  0.13122380763678665     
   7.0583840835114264E-002 -0.70146243714004697     
 -0.22768257528813374       0.59200974220643177     
  0.38485412507117212        1.8302973567061775     
 -0.51977358374975302       0.29287830276919075     
  -8.2539284859939555E-002  0.14613704277831810     
 -0.73030002787019699        1.1592519971314033     
  -1.4521697834537273E-002 -0.17196205310712082     
   1.0556553680394010        1.7951447759772308     
 -0.45195150133477502      -0.64126485817253220     
  -2.0376090104730968       0.95003624108469564     
  -5.9379382553862659E-002  -9.3184562365455914E-003
 -0.26569884793344389        3.2771817897568436     
 -0.92861025412297993      -0.25016012076141247     
   1.3801301470374363      -0.95480200415439520     
  0.29957120241434732       -8.4808110424178615E-002
   1.8304204489857929       -2.2005720549028838     
  -1.2588007668312500        2.3003849202775206     
 -0.78246883210478080       0.64042902904009447     
  -1.9222953388736475E-002  0.67322617134122908     
 -0.27764205424400989       -1.2169284670093370     
 -0.13780498887765291       0.54458317845042448     
 -0.64041987419130697        6.1409992595817413E-002
 -0.78929284196460114       0.89169575048571637     
  -5.2415484134852086E-002 -0.37666340578603896     
  0.63043115476806966        1.2870499942810980     
  -1.7747189096767131       0.64498125003127305     
 -0.90614032258077470      -0.92111629155526353     
   1.5641867515931693        1.4331706105255582E-003
  -6.9252117387225254E-002 -0.86814435562660386     
 -0.16571234450914862      -0.94474181756460884     
 -0.57831082124167388       0.66594652927531361     
  0.18016202923293756      -0.80376533433937170     
  0.64417351851142546        3.5984169990915928     
  0.40557923764848258       0.41805291986487503     
 -0.50976774922758672       0.29025980812236363     
 -0.36294735119305932       0.73241230383849909     
 -0.50334701413894778        1.3252137320541408     
  0.68361796416774900       -8.9098973289629735E-002
 -0.23954528257952423        4.0608333061220137E-002
  0.57082585300449895      -0.25913757380192926     
 -0.34830900651104196      -0.28746742098601330     
   9.1980373530731796E-002 -0.12816865752538087     
  0.20690497139761321       -1.1188663800222247     
  0.10687403927321382       0.82060470824524723     
 -0.13873307519340983      -0.46279084102099155     
 -0.50710676256413589       -2.3947954900724580     
 -0.13315438049300621       -1.3586043011600060     
  -1.1593684452399460      -0.15952726160758354     
  0.85192016855170549       -1.4211009277640643     
 -0.55666817097388410       0.69386170230491517     
   9.4733661858002804E-002   1.4282523960129707     
 -0.66871979530727033       -2.0395823666719117     
 -0.42899809850485582      -0.33634864547439336     
  0.88367339971288095      -0.72577798454416820     
  -1.0496855777551239        1.9460864784284744     
   1.8099653945586873      -0.11127776816028778     
 -0.28476930205717199       0.95671819128077318     
 -0.23643645961131643        1.1808035595210986     
 -0.16690778697200415       -1.2671750275750489     
  0.19303692233310787       0.78432733112661857     
  0.21947367947271634        1.2866159362361256     
  0.17210335971389457      -0.53524336677736772     
   1.6744728807128384      -0.77437702857864443     
  -1.3612944539918204       0.41349128597518492     
 -0.38876239866128759      -0.37006172665370041     
  -1.1866758173765779        1.3616794330120943     
 -0.66885328720184800      -0.42904322457301070     
   5.1349402083839646E-002   1.4684790835933350     
 -0.80281910533490919       0.49872880561579636     
  -1.2775468531899195       0.32111814883198603     
 -0.31768861940558080        1.2310475027494236     
  0.50062133968764067      -0.61815822327087000     
 -0.40186806822041676       -2.4085474455267391     
 -0.57461039846262540      -0.22575859377272894     
 -0.96339137635616767       -1.9259348823511808     
 -0.51272011594255051        1.5851303126778262     
  0.51149183688825661       0.65508922792343327     
 -0.26344383772441349       -2.1955390143332751     
   7.3857904233624594E-002  0.21118051115680847     
  -1.2709871769251322       -3.9547626771619098     
 -0.14274232968796019        1.6699413563850452     
  0.85196932026814509        1.2459763925446066     
  0.46946929376063640       0.43623250501187305     
  -1.3543643430982915        1.6964694842280590     
  -9.6673710538524249E-002  0.31139111204807585     
  0.50086529745969233        1.1538184792173882     
 -0.53847765792419233       -3.7905885867611051     
  0.48258070531172370       -2.2615595839016138     
  -1.4587906876081278       -1.4414129866367982     
   7.8148428037096984E-002  0.62095456378665848     
   2.2650215876115691       -2.8438472912482089     
  0.36576496272270154        1.8396727698312825     
 -0.45572765640909885       -1.3560425911868004     
 -0.39461712018419293        1.6584759673573684     
  -2.6865561206780422       0.50441719084601777     
  0.63632066365649109       -2.6621832337704259     
  0.86986465481602226       0.85589291116416322     
  -5.3654008275383969E-002 -0.82587702768575133     
  0.19233711868735920       -1.1979380769295549     
  0.17218255427301821        1.3330789369337976     
  0.73316253770314055        2.7084289386714113     
  0.71402556788578697      -0.43898827678292796     
  0.25761934710629264       0.14779681423725685     
  -1.1862144006785769        4.6875246434790725     
  0.42384606123191260       -4.0040165854329093     
  0.47001334420035423        1.7497859243717202     
   3.6821444232028933E-002   1.6577860363412493     
   1.0741611437185989       0.84381554690601057     
  0.50989525652325352        1.1343089462702116     
  -2.5850466695231000E-002 -0.44871332759877502     
   7.3768582976840802E-002  0.52979872008354401     
  0.32798401264588928      -0.22731384146422462     
  0.39972988980958690       0.44635611529710406     
  0.85643070810005217        1.5608410966029262     
  0.91850849920760824       0.45799494847449845     
  0.43793221539700022       0.21839920888843223     
  0.90147463477556455        4.0877537713711103     
 -0.12271188227570073       -1.1250877783554465     
  -1.0338449603568660        5.8058488841294835     
 -0.39730741213033238       -3.2307161647949050     
 -0.14057256409508034       0.82098424409482640     
  -1.1074924005898543       0.47467801095638940     
 -0.32397338713848112       -1.0227928597336873     
  0.28070124878066705      -0.49960337730395715     
  0.50395446910561403       0.86697806571578495     
 -0.45126110799780683      -0.89231876793534970     
   1.1754779867783811       -1.2700077007432484     
  -3.3586231868468097E-002   1.2063856135890052     
   1.1340933787221859       -1.2570527281280144     
  0.13062243385110089       0.25721269716343942     
  0.25283301729925517       0.20154188307370252     
   4.3376796621910296E-002 -0.25292815791562745     
  -4.6474109366518412E-002   1.0099748063577745     
   1.0274428032814118      -0.47349811903768524     
  0.40211149182949368       0.13882023857663445     
  -8.9547684706889341E-002  -1.4989568555162452E-002
  0.85717412467861553       -1.3518515529212871     
  -1.1177559089665277       -1.0842447518696190     
   1.5177848492108339       -1.7285652416955868     
  0.26201042538701325      -0.15554267296195287     
  0.18118329418015799      -0.29293835909445298     
  0.98388858461521633      -0.31943521911964551     
  -1.1972459479876709       0.50522727029462777     
   3.1973016790952435E-002   1.3724773574765994     
  0.10997696381825772       -2.4373362340388462     
   1.6330411292308904      -0.51818540836812599     
  -1.1276298993326759      -0.61430825423047963     
   1.2948829360190026       0.49489662736935580     
   2.0361708125261169E-002 -0.43892099837942067     
   1.4729952506708046       -1.2524129246666331     
   7.2273297519940494E-002 -0.68533858804200631     
  0.88798524431333159        2.6481497199852311     
 -0.22595762306020362       -1.8603980985578363     
 -0.11861682862460932       -9.2851430755400352E-002
  0.30928549582030951      -0.47392331210255434     
 -0.20392528548445465       0.68757709303915526     
  0.72967932353272480      -0.50589548607627632     
  0.19800789193040241       0.14848841747430741     
  0.24291485297326798       -7.2844863533455567E-002
 -0.46465126295501841       0.42939576070630869     
  -8.4982757776435436E-002  0.38952868347834940     
  0.44190199625602844      -0.28069318273368837     
  0.19698490802442115       -1.1982161796940540     
 -0.51695151737720113      -0.17629683225536061     
  0.41390026988567197      -0.61830018673027243     
 -0.11442064310844391       -2.0868151959179002     
  0.50151337450340594       0.63489305720772105     
 -0.33424682113762022      -0.15422559635264008     
  0.23803626078130369       -1.2726027489485758E-002
  0.65537568144379643      -0.42476621705938855     
 -0.28416683186794101       0.67992480991141913     
  0.67567685221486962       0.98801918878167572     
  0.35947936521989077      -0.47373342968688853     
 -0.56917739937385248       -1.0871703504916987     
  0.13000672618077602       0.34276908891482105     
  0.50083167045171861        1.4780835369530876     
 -0.82676390258025756       -5.9211220984097261     
   2.7345747875886506E-002  -1.1499566995726300     
  -2.8273891687150430       0.10687464433425076     
 -0.85194964290186803       0.82666032062309991     
  -1.1227396711370379      -0.23719031502009075     
  0.41680263379819649        6.9653909534983530E-002
  -2.5934786371306418E-002  -1.3268062116752879     
 -0.66893916578607060       0.24509098395662812     
 -0.81208644230550431       0.70292025053988583     
 -0.78508199115156319        1.9259134369804101     
 -0.70097510477355995       0.68067723750757680     
  -1.1379664412854837        1.4445538260436575     
 -0.15941028455488682       -1.2250238474565762     
  0.82432611123242872       -1.7659667684831897     
  0.36163855886582863       0.84572936966239887     
 -0.30076135039975460       0.74224331709310132     
   1.1336865156356872       0.45657804881788350     
 -0.38082043379907171        2.6749264155001757     
  0.94375852720056885      -0.77467008964354633     
 -0.48528040072499151      -0.26423369667145624     
  0.32248376058312145       -3.4837288488103191E-003
  0.21476719324410720       -1.0193349084582901     
  -5.4331705561056154E-002 -0.82301883910880946     
   3.6759366934266735E-002  0.79940797383462603     
 -0.34581861527320856       -4.4336504937486365E-002
  0.41900047526877227        7.2936491344542942E-002
  0.75073564424361061       0.20882394851972641     
  0.95765540232427537      -0.45822933388990300     
 -0.17479544340076325      -0.15928009956608652     
  -1.3433146271768002        1.4955259084288213     
 -0.42260609923916315       -3.2782740671659529     
  -1.8827139433629432       -1.0921140192783574     
  0.10491670024485256       -2.6847912140934054     
   1.9556387822646797        1.7781378853760044     
 -0.15566244910638827        2.1132233178178801     
 -0.43469854133820074       -3.1732869595588307     
 -0.57469052022365319        2.1915348062761431     
 -0.96918284507115759        3.3967180828220354     
 -0.58598979923874150       -1.6207959870106943     
  0.13206752189642390       -3.6936780704782679E-003
  0.13890123956173861        1.3414630478975037E-002
  -1.2199934872599745       -1.1669835835093474     
  0.23532557974156854       -1.1773766806425232     
  0.44111800479941043        1.0464891909191969     
  0.92712323546878717       0.14670876879068256     
  0.11981782734339974       -2.9204054567011601     
 -0.16095295610027649       -1.4609591906289672     
 -0.37351722678858529       0.42049388261652137     
 -0.32677656738251215       -1.4833967586971295     
 -0.12456185836849290      -0.14153199601492569     
 -0.51451742322927763       0.52353173842366096     
 -0.99377006583595917        4.4672331213209810     
  -1.2685738591738507        1.2129644597298448     
  -1.7154951945782340        1.4336756245547626     
 -0.85874644964780900        1.6015973776951837     
 -0.87955963841057117       -1.2794981199382296     
  -8.7428314385807893E-002 -0.50876284442995379     
 -0.37018070575058093      -0.45173132388192189     
  -1.2173572845138012       -1.3449600060932221     
 -0.30053536179691775       -1.9841431175913911     
 -0.19005511562415434       0.16363797561432891     
  -1.2770119977432541      -0.26688309344514566     
 -0.24337063275444559       -1.3938083626806554     
 -0.17767399196483513      -0.61474190349566737     
  -1.1081810298499177       -1.0481594995575489     
 -0.79002343562766419      -0.45315241368163883     
 -0.15976889967284369        2.4292522784467269E-002
 -0.43994177957745917      -0.68945080664758862     
  -2.0809865154010438      -0.61590078758766909     
   1.2197795120222281        2.1140011406609021     
   1.2693717746632847       -1.1284766605144201     
 -0.24117270609707486       -1.8893325844914566     
 -0.35490951829572404       0.13756360245486260     
 -0.36480837489341034       0.23088621553624950     
  0.25026198635573327      -0.76202474541481413     
  0.94451580651317713       -1.6713565187601840     
 -0.40237541245231534       -1.0958052495971837     
  -6.4936700440134998E-002  -2.1311520084111457     
 -0.23220197624416228      -0.44877337328714739     
 -0.75753143604939910      -0.86278735799587036     
 -0.12596817991854325       -2.8702649376235745     
 -0.44353866411677290       -1.9355121545303946     
  -1.1802931317156133        2.2199564622631232     
 -0.19957574190562666      -0.70278050961266103     
  0.12906611190102302       0.73706195397911201     
 -0.37988803110814623      -0.89438160587678295     
  0.28635147156528462       0.87514644809343367     
 -0.18132760677960616       -7.2685503761990539E-002
 -0.50808684519371172       0.26859438190161433     
  0.11408877554829883       0.71104934503340333     
 -0.61802200937029828        1.4264457955328032     
  0.18815288616922765        1.7714174250312882     
  0.65519972707752028        1.0924825171352452     
  0.28379007310487131       0.63805455234983266     
  0.73404546793803638      -0.46286111250974615     
  0.46669036239103712       -2.6524549227561351     
 -0.50005458692735982       0.12999024995116965     
  0.48994874533387800       0.12134855615921933     
  -8.5510851346294103E-002  -1.0631219461049088     
  -6.1630164198454018E-002   2.1242273207402986     
 -0.66094067491018971      -0.65830903356288617     
 -0.16452399582959509        1.8294914205688391     
   1.0833296092815599       0.39845756367062091     
  -6.9363814075953822E-002   1.8253262149369376     
  0.29170675033359617       -1.0585048364654317     
   1.2461462820064058        1.0118104271494244     
 -0.58956791969851285      -0.82038662136450347     
  0.36106838216303394       0.94569387155586415     
  0.42484891457440133      -0.88062049787329322     
  0.74024025137252691        2.3626454984544285     
  0.18411626913105461        1.2427991699544600     
  -1.2685499427959375        6.2408694805576319     
  0.51233919273310691       -1.5355145797597869     
  0.14765549827987590       0.90415029484963361     
   8.3462918398667041E-002  0.34092739432452646     
  0.27785226425244414        6.0358371279789731     
  0.27588673332841918       -2.8444772080778300     
   8.8748874873126160E-002  -1.2570651239398447     
  0.49898575008559520       0.95681489311679291     
  0.24840197152564941       -1.6401642914413765     
  0.15077683745973092       0.56301384782409558     
 -0.33365370979477216       0.34044429552049515     
  0.62451363319475306        2.9286225503741992E-002
  0.51446496234224526      -0.57891025588626688     
   1.6414399939673991       -1.1399406545372521     
  0.57820051015232599       -1.6174181017611260     
  0.12424625495280472      -0.15080939213691447     
  0.65348108479279132       0.70838658365498364     
  0.94447896580953294       0.84395060796764143     
  0.28015148191906292       -1.0049026166791502     
  0.76965130237591417        1.0560420521977134     
  0.97004958245932316       -1.9106771327493348     
 -0.79922617301996346       -3.4954667553352405     
 -0.91057028582784993       -1.2688191464965690     
  0.14177234415529383       0.23317575017731923     
  0.25524041148857823       -1.2863482880067723E-002
  0.26368531343551149        1.0009511822661603     
  -1.4641183585983231       -5.1079442769899650     
  0.44636011888645233       -1.5277379743311386     
   2.4765665459554596        5.2000365526153889     
  0.84369020036809061       -5.2982925810218218     
  0.88150265125507943       0.23241048173052239     
 -0.32062451696600358        1.6664052868871191     
 -0.69017957320527290       -3.1053846837239218     
 -0.13909880883213188       -1.3264203970005575     
  0.17544403585592139        1.7022183806990558     
 -0.31165722048638056      -0.55132278039088445     
  0.13732335298822007        1.2439937756185897     
   6.8929675180965266E-002  0.27359889092039158     
  0.21983696058641455       -1.0805646857320046     
 -0.51462972487135672       -1.5595800067772980     
 -0.20244660619669519       -1.5748949655917126     
  0.91046899825721828       0.22053548491664876     
   3.8822379987954125E-002 -0.31786914982879533     
  0.70271021870093908      -0.31050783588331743     
  0.34132679671689464      -0.47115932618591849     
 -0.30928317377521175        1.2328678881370974     
 -0.65955230446455815      -0.68090132371750922     
   1.0840818515136852E-002  0.42866182460800500     
  0.54835891095753519      -0.41007123620480845     
  0.43553735107743169      -0.67225990632998101     
  0.49820783064956770        2.2000588554849281     
  0.27773981214121746       0.67407854485093321     
 -0.18257123870110215       -1.3198177738721359     
  0.60814543361355367        1.6150065792812074     
 -0.18917738119681560       0.91098878681817363     
   1.2413684517483117        1.0010634933362343     
  0.36536729188653561       0.83592502702319127     
  0.97444179979197709      -0.70644254072312518     
 -0.42300881763572540      -0.69123683755746357     
 -0.56507265479758984      -0.75747480333589901     
  -3.3729497122820029E-002   1.3335431213225646     
  0.38271741291425132        1.4729879009129085     
 -0.32459421388724108      -0.37823313673591707     
  -1.5424313660775235       -4.9440441629493010     
 -0.16769970923912436       -4.4879752566354165     
 -0.88749722692703314       -2.4334927302411051     
  -2.0162273689206867E-002  -6.2094238128257984E-002
 -0.84840257929019969        1.0042036671456744     
  0.91019124156190889        1.7709523699020391     
   5.7342097592072649E-002 -0.25256722125579650     
  0.17543310996059325       -1.7668004653738287     
 -0.84311382348611497        2.6202626434431284     
  0.59007900160987126        1.2605384654705292     
  -1.6964187151325771       -1.8307137278060641     
  0.19491597767198399       -3.2440979695660923     
 -0.28512617946387664       -1.6939136249333113     
 -0.31729119767522285       0.55270503718921438     
 -0.86735869171630486        1.2160400161296792     
  0.17785931475344119       0.36491220593691776     
 -0.48796921235025348       0.78174803820005889     
   2.3167245454405232       -1.5875722097647047     
 -0.43825606690638114       -2.2581152435541192     
  0.22209247788347991       0.78349813474861918     
 -0.95165370640069924        3.9792429207784363E-002
   1.0662990234438627       -1.1889915505694226     
  0.26534458759070501      -0.58843193111847836     
  -1.1909732628831871      -0.29857212363909513     
  -1.1083454117620666       0.73071684423078420     
 -0.24787196333486083       0.71712913115453425     
  0.41936731286100315       -1.9295117798142545     
  0.79947148520834621        1.4130196387530083     
  0.32369823330534975        2.5386558021311664E-002
  0.64096148769530026        3.0610758698984046     
  -1.3239934596555427      -0.22373037802449874     
 -0.19137046208178798       0.41301021037084140     
  0.21349023489501784      -0.76647264162223694     
  -1.7329749510509018       -1.5412078510044178     
  0.77688638060178472       -1.1086088510615599     
  0.95535883808368571        2.3975534138635668     
   1.3314457008402352       -1.5142470253050666     
 -0.24931582478251380      -0.74938404676062531     
  0.53252825515888269      -0.44446428360045309     
  0.62375691956084967      -0.36784233671582645     
  -1.1242478197767105       -1.2313977463017574     
  -3.2819554115769867E-002  -1.2052206970152806     
  0.60293470525079740      -0.89157599863622172     
  0.62431179290031458       0.74635653885188913     
  0.11162700952580917       -1.4771416424345878     
   1.0982455214622948       0.10463101299625799     
  0.51923271302427199       -1.2448654674660982     
  0.21110480516271923       0.54978116844202263     
 -0.14516408367598943      -0.76053835112979418     
 -0.11325950852638011      -0.59132206767413942     
 -0.18827759381057718       0.60814112660330510     
 -0.74145424374489366      -0.69991002228355303     
  0.40309613281322498        1.2517903969281174     
  -1.3628529495864683E-002 -0.53352769330081407     
   3.3753040616987695E-002 -0.76429650585992681     
  0.31920286011909504      -0.67337865772586158     
  0.60055253799846564       0.54652956548002585     
  0.70487797624019721        3.0181087555787167     
 -0.51621678249577707       0.49478375895988891     
  0.77575575402794961       -1.4335512320610913     
  0.87521722913134692      -0.81691421909114337     
 -0.73328530001771175       -1.3171785071220710     
  0.43052419195919001      -0.22644173541386520     
 -0.25223587091162281      -0.87628606308405521     
   1.4515028624900119        1.4842293710785359     
 -0.23828916658481036       -6.2308423128469403E-002
   1.3736295084194801      -0.35765836367911541     
  0.72172496190243218       0.66697078645303343     
  0.21829167222408583      -0.23049333695516966     
  0.31645282784790485       -2.6976054238900857E-002
 -0.43182378301734681      -0.31109270846798859     
  0.18851578654714041       -3.6128076963015858     
  0.80735420302574401        1.0297648595929332     
  0.55091262822433873        2.1401509850242961     
  0.35415807002543964        4.0026171795077889     
  0.16182038960946132        2.2059623492361191     
  0.73448937475944842       0.92317954155200344     
  0.70290475758774829        1.2979276064732232     
  0.87506301111268048        5.3957371514497421E-002
  0.43040162014157157       -1.4810739273332632     
  0.90185337569156687       0.26659339861773373     
  0.85599306069891223        3.1829800563291037     
  0.58706539310711570        9.2158740057132288E-002
   1.3917697705488956        1.4256570634590719     
   1.5109049495781099        1.5827189435166564     
   1.6998333634081630        2.7215209634274720     
   2.4998114922733303        5.3100925768717655     
   2.6874164524794808       -2.4028740170602136E-002
 -0.72837040214924498       0.44323274791219819     
