  -5.2177994257415685       -1.9676742657276320     
  -7.8451442343178428       -3.7056387453198099     
  -1.4286365545509661       0.65956577957620122     
  -2.4682362503081672       -2.0738211549757586     
  -4.4702426233247250       -1.9598167462879597     
  -3.3840868688200230        1.1792571119013280     
  -1.6864272685345592       -3.3709397292672794     
  -1.1898804425480425       -1.9070389093570435     
 -0.12959851307039272       -2.0904762242836430     
  -2.4702594401914162      -0.18850437236261344     
 -0.82999060530512514       0.84821558087971516     
  -2.9121793332169963       -1.6405511853021011     
 -0.28480421681617907      -0.94553871493308683     
 -0.86672019260851796       -3.6838976310188860     
  -4.0908399517786469       -4.0864010869208682     
  -2.3003590355539600       -1.6894458107450478     
  -2.3134743099336630      -0.96721672458466601     
  -3.6366776553212823       -1.6830850290835753E-002
  -4.0485984527382488       -1.8486921505553884     
  0.86240379270445233      -0.27164975729632546     
  0.45500788286024374       -2.2503084383074259     
 -0.24821553780837879        1.1616747294974819E-002
   1.8594774347505902       -1.3417391949210422     
  -4.0125473288293385        5.0195383224701224     
  -3.8204315710912322       -3.3040951489567205     
  -5.6297577939038703       -1.0109262708856275     
 -0.33174064609269571        5.2304295239444881E-002
 -0.69704996873072478       -2.8537130804178950     
  -3.8432828076629306       -2.2515457768637304     
 -0.72009238706367418       -4.0215563427602534     
   1.6659746821656296        4.7022160708890359     
  -4.0815933127053103        3.0749144699776210     
   3.9859837137759762       0.38536544513085014     
   4.1922813930006120        1.8264679376314314     
 -0.45725782990531827       0.29838850653522808     
   1.0489699905571113        2.2647622881447154     
  0.75216102398164741        5.1963561344036053     
  -1.9809417571281642        3.0813732805210989     
   2.9404987064823933        9.6867413400433922E-002
  -5.4205673397957428        1.1962799917984828     
   3.8843578900883822      -0.97773235103173439     
  -2.0150130492218636       -7.9212720647783632     
   2.6550696222462089      -0.52661686710471567     
   5.3683049936466665        2.8828969592680451     
   7.1696572754725487       0.14645874061845476     
  -1.3062235953703381       -2.2911740119172599     
  -1.3293179439237655        1.5157180977066762     
  -1.1945418811943425       -1.3866497955304140     
 -0.74806913288170929       -1.4975117635413400     
   3.4793002540883311        4.3978848683257752     
   4.3906362414051028        1.2987804942709631     
  -1.3662425430693776      -0.22437806125233017     
   2.3462927246875860       -1.6831994621789148     
   1.0909367351013004       -2.9831076030236319     
   1.9664022070654297        4.2202551155570616     
  -1.0422666941709351       -1.9885140281517037     
  -3.0767111540288923       -1.2732334381928672     
   3.8233109666052378      -0.61615310215708075     
   1.2199803047614006      -0.95734535920318387     
  -2.7885887694955422       0.32969341178807143     
  0.89957218244430859       0.16491382792798270     
  -1.5657176273231923       -5.1356426274782461     
 -0.36479497920324855       -1.8799947146223284     
  0.31333111790451751        3.3377002155001367     
   1.2368952478882420      -0.58207631207709676     
   2.5255701183290888      -0.98034251022332364     
   2.6752756078633197        2.8558919767869222     
  -1.7251102059464163       0.48293321102705633     
  -3.4287066321065227        3.9334335408701078     
   3.0127601562226825       -2.4242653947104058     
  0.11391767994405422       -2.3461142463418394     
   3.0105540247466145E-002  -1.4216695553974854     
 -0.89905429055790176        1.8680617062201628     
  -2.0361483402683840        4.3182684266024394     
   2.5257013698030715        2.4972935303724606     
   8.1278994934883855       -3.2584824367845520     
  0.63661604015604256      -0.42757782390251653     
  -1.7848216532308472        2.6583100309364793     
  -1.4045049253218833      -0.65182605837813712     
  -1.5758616317788050        1.2794753977447750     
   3.1682907250821652        3.2973022967489425     
  0.55348100477385942        1.4814106734989270     
  0.53077171681391278       -2.4697772274823184     
   1.2175429155965634        2.0056042059450148     
  -7.1717298730607091       -1.0962859007719055     
  0.32493156228584841        4.1601983018977560     
  -1.2145371966683345        3.6906014695362512     
 -0.13130812104999046        2.4844497804353423     
   1.9465513905328875        1.7771687368877296     
   1.7921908784287481        3.3940144113720816     
  -2.3198290666467321      -0.15921521050304449     
  0.38387693155540115       -1.6429356551692047     
   1.8498606948222718       -6.6313741284124497     
   3.8493482211994996       -3.8428828254904652     
   1.0337546467821048       -1.1232251275118059     
   2.7707620131487833        1.7443805596737139E-003
  -2.3667929743771206        3.3140981033821091     
   5.1459735597101552       -3.5444100682112047     
   1.1303993545232096        1.2203924023955539     
  0.82463771493795401        1.1708294976655964     
   2.8255057017534453        1.0390889388160280     
  -5.0802715021625051       -2.5065143524858398     
  0.62087280699013547        1.7895043187963435     
  0.55655756100636666       -2.3760214044634265     
   2.6668845689520619      -0.63982712888171722     
   1.9131168333765494        1.6863604521703068     
 -0.83475697241517366        1.3584880232075467     
 -0.12469539309081934        4.0342306282904197     
  -1.5084801096683464        4.1446746340551455E-002
  -2.1101251622967183        2.8660353468068078     
  -1.4549069629417968       -5.3907400032507180     
 -0.13168838782940817       -3.4311166060494207     
 -0.90936454065518824       -2.2114925094953879     
  -3.1372113315488184        5.2799052970983835     
   1.8113033824748976        1.9054517699710058     
  -2.2092508706780811        1.7719998323652448     
  0.61716663688423656       0.65988006412245725     
  0.52014623973961838       -4.1018851140806527     
   3.8263686055476329       -1.4471786822806711     
  -2.9805148043808090       -4.0256056260679856     
  0.68704290893284270        1.2717324293011192     
  0.18833498817093153       -2.3679452128507696     
  0.12390563247182618       -1.4434731970776919     
  -4.1781026165886495       -1.7577156864259353     
  -2.8307430426316440        4.0362264421041685     
  0.93351308315723891        1.6192846622967187     
  0.11172881681174385        5.2686106088010485     
   3.9632810882480074       -2.0723874149402803     
   2.3753175229408638        1.6126803044760698     
   4.5250481376994856        1.0681550560411437     
 -0.59185171054291841      -0.29948363463317296     
   3.9270987217062725        3.3787876716666889     
 -0.67554714851971731       -2.3395976309179631     
  -2.9793792035385716        2.7568578834579891     
 -0.17976294355894762       -5.9966042459005013     
  -4.9192152560718450       -2.9551616529356246     
   2.8504242257192960       0.61835161654379933     
   4.1923461549133352       -1.4509150644749904     
   3.7696108242767687      -0.56458021432161398     
   2.6133767675686803        1.5365288539354827     
  0.34496076596639647       0.45693278515456554     
 -0.47864099397661608        1.0971676641869710     
 -0.82114953006674085       -2.2681910342231433     
  -1.1401484782672560        7.0013797884949307     
 -0.19063878844564552        5.8672753713292476     
  0.38126394778280170       0.49453417120067872     
  -2.2337418451773505       -1.4035985665699897     
  -2.3133035082311704      -0.76854679055197672     
   2.9190739147425484        1.7705035567682181     
  -5.6838305382155818        1.2057962637764184     
 -0.32106878187865062        3.7705342406040425     
   2.1428171361547519       -2.1529375443760781     
   2.5499222677333697       -1.8440927291070865     
 -0.73819544552502236        3.2995818557431296     
  -1.2577325350130217        4.2190313366824519     
  -6.0264121705250973E-002 -0.33283498903759462     
   3.4094378226599327        4.9457429062686629     
  -1.9496387560249735       0.74940687686909646     
   4.2503697888731802        5.3068333734411910     
 -0.74601272825783793       -1.5722826203674085     
  -5.4389811775657950        2.4258397090734740     
   1.8222093025468915      -0.25522834645410786     
  0.24912014443821384        1.3666307862232752     
  0.28916785236289488      -0.47553688051792831     
 -0.93106229527362139        7.8827342129380085E-002
   1.5254698271197227        2.4031751657156106     
  0.47846950722295412        1.3743451704308443     
  -2.0618052923369223       -3.1042519045916803     
   1.9858656771685084       0.68095192081369638     
  0.63585000815822257      -0.44989374292606404     
 -0.39912426068444340       -3.3921110702886312     
  -1.2225893436294704        1.5153411548122899     
   2.0564328358507473       -2.8572764730545432     
   2.3400659161946589       -1.5426022366950680     
 -0.80016814068272168       -2.0707661030695705     
  -3.6670890542685211        1.4743667799099609     
  -1.2964475158123283       -2.9917317779060726     
   4.0451660402544292       -1.8559502680486779     
   1.3930037866452913      -0.10660295215040816     
  -5.0095744074321420        2.2701400815661206     
   1.0454840425375505       0.98980773307206493     
  -1.1655858491517925      -0.40934332882679181     
   4.6961215528368667      -0.38280395828338909     
  0.10662386708296534        2.6660127312034203     
  -2.5606346825412296       0.70477852072092451     
 -0.41493205684011514       -3.8806651319020862     
  -1.0064584842412181        1.0686833688022095     
   1.2919705526585048      -0.17684410730804012     
  0.28238875370084049       -1.4662829985629677     
 -0.44996564413398765        1.0978531417074433     
   9.7783483570745844E-002   2.9310540012968302     
  -1.0815373178050827        5.4089324461524848     
  0.77453963568171558      -0.40892930079857587     
   3.7270503211916113        2.0919599405770057     
   2.8642629643957935       0.69446302265598492     
   2.4632656585971655       0.24785597884490973     
   1.2898340197656588        2.2722512172574234     
  0.88235149525629275       0.68802925524932079     
  -1.3668843788223290       0.17421349827894478     
  -1.2944568468285740        1.9019711137181523     
   1.2256079420038901       -1.8377804641716220     
 -0.41884105911282088      -0.80632713660919419     
  -1.7660659786318300      -0.83878177102703266     
  -2.9290355236130989        2.2001695560434280     
   2.7242502825697965      -0.85135650266653573     
   1.1863943028897030       0.92179935914733024     
  -1.7024071719022087       -1.7300698372689065     
  -5.4849985932623690E-002 -0.66173990970319241     
  -1.6646881946362795      -0.57601162901876235     
  -3.1844131763288197      -0.45916298357499163     
   1.6149512702300357      -0.39533447688064371     
  0.74827664582951803       0.54501135507111442     
  0.49412186528248458       -3.4083574141041471     
   1.5653037142197093       -2.9994066707906102     
 -0.43301704912012395      -0.54630194545249755     
 -0.28558961236914548       0.79652452383989159     
   4.8553018331024260        3.3195743828730775     
  0.66532741256629491      -0.42983630421200364     
  0.40380974386723345       0.15373004748337432     
  -2.1192254072748407        1.5788218838538117     
  0.15480314493072056        1.1529476721045240     
  0.66457088073422454       -4.4953556008395168     
 -0.89035487407806668        1.2256487231437081     
  -2.3279536893851294       -5.5624875832695375E-002
 -0.39680363376205108       0.48549248366826725     
  0.99377333611383412      -0.74415372188690121     
 -0.86017633565575236       -2.4226367039737307     
 -0.84077853888112597       -1.0060919914588311     
 -0.77133087701235703       -4.7520426261569124     
  -3.7803859660744092      -0.59016010039554845     
  -1.2841026792837371      -0.65372245000326890     
   1.0738971050814792       -2.9119682092068846     
 -0.45489999374753332       -1.9469795810159685     
 -0.82339868891534884        1.0795364909115166     
  -2.0384583233471023        1.3086351943349366     
  -1.4954076918207599       -1.5114095899928082     
   2.7777789626756109       0.61394835500219358     
  0.95067132808629662       -2.9045449418182532     
   3.1212599851674434       -1.7212359041393583     
 -0.83830207034670767      -0.19782134009079566     
  -1.6792317484736303       -1.3668561048930452     
   3.6748019051638456       0.65801219149811740     
 -0.72962315262962463        1.3917088933564585     
  0.15586950233547103       0.34054082063482150     
  -1.5467746083563418      -0.89177841553224835     
   7.8118611468919852E-002  0.72922186645670339     
  -1.2903457110230718      -0.19697303495582225     
  -3.1342549562667452       0.46294527639038335     
  -1.0464546549041305        2.9072936503962876     
  -4.1884570632578555       0.44231542634433219     
  -1.6085211048639807        1.6265594092992763     
  -4.1778370978863606       -5.4337132306494560     
  0.68009080295470081       0.60952451319646705     
 -0.17154095740216935       -3.5027299363047373     
  0.32728586112470737       0.12043250027078911     
  -1.4315818923057182       -3.4132187642012299     
  0.74474174095158974       0.31136653523121416     
  -2.6503506892821771        2.5144090023916132     
   1.5808801394020393        1.2030299290028923     
 -0.78659507320660760       -4.0482536539027771     
   1.0539535207231832        5.1160909325249406     
  -5.4784371260428175        4.0404427323642063     
  -1.4100442097055694       -4.5164149899161492     
   4.2889451679387181       0.92196220577495525     
  0.54253288205742400       0.97482630447142871     
  -1.8916564232810427       -2.6532153261340583     
  -2.1206540579665312       0.20773008549356217     
  0.59898396353493455       0.55692552789669325     
  -2.0048455594980892       -2.9958014710478160     
  -1.2355597685576569        9.0970368366947940E-002
  -5.8174696103307619       0.93860410774907699     
   4.9399822729373266E-002  -5.0925556401422769     
   2.8010152777978443       0.18618978857046664     
 -0.32322595719827962       0.27575724079883446     
   2.2741505152024377        2.6740236446271499     
   2.4051574827406226       0.13354047684956272     
 -0.36818731917174929       -2.5050652500571555     
  -1.5753356599061821      -0.61556768318653621     
   3.6638224821887855        1.8671968733684909     
   1.9089710893150431        3.7280383861315594     
  -2.5516208750454759       -1.2303129835815365     
  -2.4373290876366727       -1.1134837938427058     
  0.80461210508973080       0.25920558228758794     
 -0.66919538147596480       -1.7899130606338618     
 -0.97652338238843361      -0.71232737045761740     
  -1.7378815096380107      -0.30739793532869797     
   4.1557183887551359      -0.44485278659440208     
  0.78256503980312964       -1.9399302116134383     
  -7.9363638666697645        3.8663497377480271     
  -1.3917913310588306        2.3971628604231912     
  0.63524090323366167       -2.3846145482025669     
 -0.48237134983726637       -3.1145111376734809     
  -1.9071564110084598       -2.6919181024069885     
   2.4979210842074329       0.31241721012697221     
   1.9298722908521677       0.25846087442944210     
  0.81924765411348943       -6.7186003787418809     
   2.2704087569090041       -2.3393921069429919     
   1.1688038117688111        4.1774468791589241     
  -1.5027369865110831        3.7045061946921956     
  -1.5270804730012353       0.66084038857170113     
 -0.55427222240999185       -2.1220637102048316     
  -2.6320914888981979       -4.7525756411891065     
 -0.15770079549899663       -2.3921035538853554     
 -0.32479516743521142      -0.55378587339284535     
 -0.52594477284507635       -2.5683121729449803     
 -0.42842448845139991       0.12738631804526146     
 -0.31759408668393796        1.5031233962072588     
 -0.63355793862584608        2.8780532082031374     
   1.1783669586239323        2.1904461732966345     
  -2.2324789167169343        2.0563014176579792     
   1.2112249843044673        1.4141717792208595     
  -2.4208055798634396       0.23196790499584424     
  0.31622809576265709       -3.1227212505312982     
  -2.9813377200946327        1.2661519979377849     
   6.7101440096103255       -1.9809611436959444     
 -0.77911537524947394        1.5755004852893966     
 -0.89351658663807099       -3.5355494878153233     
 -0.55865615771751465      -0.40951365889409108     
  0.99704942210048797        3.3067936280991193     
  -4.3149130019534034       -1.0238927925589392     
   2.0492186403696264       -5.1134009324508956     
 -0.53231913995974445       0.64056847222149860     
  0.97585632830841718        1.3497830432052842     
  0.85329333268127883        1.9863710885927863     
   1.4469536306912616       -2.0433886629052243     
  -1.7564328137683918        2.9346556029854591     
  -1.7687188743285822       -1.1896720610842457     
  -1.3277219918977208       -2.9651177841723495     
  0.14542698526713815       -1.4848569050778966     
   2.2376214937910128        1.1708012533668013     
   3.4538802635147574        2.0253941919250442     
   3.7700324058194363       0.47213618706232963     
  -2.5294925784501041        4.9845509673987038     
  0.64319974336045949       -4.4331350276306580E-002
  -2.3942249544580072       -1.8955330432636370     
  -2.3734830499328812       -2.4733043353727941     
  -1.9759881134548607       -6.4685388071480503     
 -0.27524801946409339       0.49744189458838750     
   3.0330927310699431       -2.9458732036268946     
   1.1003602779990374        1.7734086194277423     
  0.58364371730541165        5.4064233450654777     
 -0.92894904119373090       -4.6942775679636579     
   1.7455959084384718       0.41639263288363360     
   3.8946249934167891       -2.2145237977887327     
  0.67204562359648179        3.0613335360900553     
  -1.5100833926787862        3.7964741899994294     
  -4.5359325496533032       -2.3693159277176279     
   1.6147988605683237       -1.8804140794989914     
  0.79264723535843817        1.8947651254948406     
   6.4038658085283382      -0.89057109471023810     
  -1.5973301885231002        2.0929444409920483     
   1.2933665810142081       -4.1823615235005001     
  0.14232070092714366       -1.6159636181822463     
   3.2344080987962287        2.3828350450235996     
   1.8481808154450552        3.9828412537811047     
 -0.31131295010366200      -0.84697953616165189     
  -2.7679214521332254       -2.7503243563524302     
  -2.5702016352837687        2.8276729621831289     
  -1.3192468683143068      -0.33334795398199668     
 -0.38427205556857924       -2.3484705414146374     
  -1.0165057748601871       -2.3152321100888926     
  -4.7497023451454758        1.1838484146467216     
   2.5752325166694483       -1.6127924412248666     
  0.44552056892703362       -1.0240556909929441     
   3.4385755904875754       -1.2097549316099703     
 -0.82824935599136174       0.96094238195055148     
   1.8289942732369919       -1.0538918495936291     
  0.34424556572950671       -1.3446695193446414     
  -3.1203877864988865        2.0544491769933102     
  -2.8588367390261276       -1.4276693558717377     
  -2.2838155003178384       -1.4727612360879776     
  0.31100201272261785      -0.69292819898843705     
  -1.4595939460843956        1.3406707061538234     
   1.3200697544152460       0.71718851636980641     
  -3.6667913383320814       -1.5895047172744996     
   4.3919654000912889        2.6631623009639753     
   5.6061831710484578       -1.5300575685446818     
  -1.0366118590323117        2.0695825819245544     
  -7.6979352271100865E-002  -1.0309197661058145     
   2.7789293572762763       -3.5983708309005764     
  -3.4809181222162202       0.10409300444300479     
  0.71387607395250630       0.85423234960258576     
  -3.9044231528708138       0.65928869746923868     
  -3.4086070124598429        3.1271881898347100     
  -1.3475372911902834        6.6762022588188627E-002
  -1.9075028053574699       -5.7516618860382590E-002
 -0.80383333989803152       -2.6743276846460562     
   1.2122416414414818       -1.4428418253296134     
 -0.75728041800160772       -1.8795671246422230     
  -6.9219843801394010E-002   4.6198186738065292     
  -1.0138847730484937       -1.1442240195172566     
   3.3567254017534176       -1.4274793713881460     
   1.7368747654509340       -7.2895865281759384     
  -2.0041436074933854       -4.6609734196509445     
 -0.40668514696454361       0.63523234521763938     
   2.1294828066862781       -1.1180620198814444     
  -3.5061815957723845        1.6334159937052855     
   2.3317931088252042        2.4669974029978747     
  -1.3075134781107312       0.10765468093523067     
   2.7411993053027426       0.16361560457813085     
  -3.4010729424355186       0.44428758180950501     
 -0.14657413730429569       -3.3131802409855213     
  -4.2069777486316555       -3.5466478432652644     
  -1.4787955499359162        2.2273386721264510     
  0.25148474379724828       0.26048122063059154     
  -1.7689872292505386        3.7663590643846989     
   3.2866674016718567      -0.10334823802326754     
  -2.7164877596261365        3.6872689397797176     
  -4.7961033544681175E-002   4.0158893328824856     
  -2.3299837991431152       -1.2809693779763736     
  -1.7071222969385786        3.8018959049282599     
 -0.40138975977376568        1.6139586449856200     
   2.4091357717780300      -0.11331355536793686     
  0.28726413460084377       -4.3269143343822085     
  -1.0267488453611664        3.0153545832060813E-002
   3.3951096998735610        2.4178801414057616     
   2.7962187264005145        2.9644088155960735     
  -1.8447134574751809        1.2599079565621620     
  -1.4224892441498236       -2.1622097192102268     
   2.3852667255310376        1.6211170228804703     
   3.1698156635081824       -1.0956156981740965     
  -3.6851578711898156        1.4304179858352375     
  -3.4748377913032469        3.6845271997491942     
  -2.9557058717987088       -2.2693762613705744     
  -3.1462436398949505      -0.57945714694217054     
   4.6389459912942232        2.9658793656633504     
 -0.39674876053529484       0.35580999078411468     
  -1.2698107070424891      -0.23376832488887633     
  -8.7404758493394574E-002  0.14214995105062167     
  -1.0131750018590973       -4.1969852419966465     
   5.8966140841338248      -0.54470449746772176     
   3.5726726661152943      -0.64566804336453421     
  -5.2434237799313808        4.4575193806771463     
  0.35776381017280823       0.48292713691599443     
  0.44109243294244660        4.0717591608972059     
   1.0335029163217690       -2.0621581486527960     
   2.5127033494765207      -0.78238419844868456     
 -0.27705790620277382        1.5127164263658504     
   3.1515445822369288       -5.3349773420246027     
   2.6121296840652626       -3.2359412969214407     
  -6.2001785654377404        2.6181178604238138     
  -2.7926492501092586      -0.16784208238246989     
  -1.3232189078574291E-002  0.88329868402079958     
  0.78701586331381246        2.5840992880508153     
  -1.1687257680675356        1.6566145615866659     
 -0.83657900778644967      -0.82580168779475471     
  -1.2017536905056003      -0.50977234698517138     
  -1.2096370849408675       0.57136420902601559     
  0.52521954352826294       0.87416945346907127     
   2.2143454787161874       -1.1290741671221480     
 -0.90333678626730940       -1.0206313861477876     
 -0.18462905377708272       -3.1592613099358990     
   1.3788049074495323       -4.5411267443974479     
  -1.9804589486190443      -0.13506284613276448     
   1.5978981693491616       0.93188909851919188     
   1.2363405842301773        3.2576367303221323     
  -1.0790796223349917        2.4245999854988005     
   6.8186433124315977       -1.2927394524674094     
   4.0115747066502205       -2.4723101942315777     
  0.74489147347842621        2.5784313125679135     
   2.6121335338033225      -0.47614456815256634     
   1.8818414389144267        1.9857088198489585     
  -1.5382896635476682      -0.79236491685197330     
   1.6950505265531297      -0.96062805884920288     
  0.28717762104075995       -4.8704346152374018     
  -2.3099044902702084       -1.0846775555485197     
   3.5037783135741711        1.6678238020087175     
  -1.3231804100616436       -1.5607355175252295     
  0.99321166207180767        2.0555845325905775     
   2.4283258015676821       -1.7439206539010859     
   1.1225735820529024      -0.30248406608477474     
   1.2795861941327789      -0.31180228901536267     
  -1.2992738391228995       0.52983318522470413     
  -1.6487102749558393      -0.72396058418009612     
   1.1040461635850369       -3.0963255390920210     
  -2.6149329363945908       -2.4958268838332445     
   3.2290517077485399        1.7235196928049810     
  0.47821636084217067       -2.7660728901943004     
  0.91014678656121795       0.23701457994046021     
 -0.59089921308407778       0.79379191192433662     
   3.1720459524522293       -1.2282439319053824     
   1.6867448937031138       -2.0672372909985892     
   2.2376221637939055       -1.3559476900462102     
   3.1434655315365934       -1.4641919411680970E-002
   1.8954630250780471      -0.52513266779305323     
  0.51669388135780281       -2.8443594354685864     
 -0.55057105980710364       0.81929758409389997     
  0.50846676317487671       -1.0713213015702505     
  -2.0559735497453318      -0.60955731407421487     
 -0.37793747617056939       -2.2012314467535870     
 -0.14685121219162456       -1.7685017796118583     
   1.6255854285384723       0.80682681088930297     
   1.6769548420688536       -1.3022082116819276     
   2.7675780223492517        2.5271103486009840     
   1.6140210665131791       -1.7038618696212124     
   7.5162481879161831        2.2963449420388611     
   3.4216251988048842      -0.53566045650268568     
   3.4049436291916044        3.0513927558498182     
   4.3695935211189498       -1.0846167075864828     
   2.4085732484240774       -5.5347336260849849     
