 -0.27802088015030402       0.17516462806094629     
 -0.32317170822241709      -0.58895685992708169     
   2.2484767338422271        4.0077708523161544     
 -0.65401482744734474        1.2163220623858457     
  0.19834464511662064       -5.8332419497465997     
  0.11000435322826635       -1.5597351980723908     
   1.4900715018362818        1.2647033103463541     
  0.25570208365125507       -3.8609161698480015     
   1.7181188743707616E-002   3.8653310133553975     
  0.39991761705060569       -6.0979379563692087     
  0.18641893603763085        3.8722368789948551     
  0.38864005311908828        2.9143828162070600     
  -2.2306151219247208       -1.1773166184981458     
 -0.80051494435271842      -0.90987611054537398     
  0.94352155898579704       -3.6025584394420740     
  -1.2025610959022561       -1.8585698270406228     
  0.37833794401225623        2.7659773740793177     
  0.32526144920772299       -4.8038178905039537     
 -0.28641598080648550       -1.1710088620348897     
  0.21645740801247770       -5.2353669260128841     
  -2.0591315695168011       -6.3086406982338836     
  -1.6518303348153602       0.46373152228033082     
 -0.45895860106610875        1.0104800309133291     
  -1.8140769016707676       -4.0575479947706299     
  -1.1099775928961486       -10.340525855080342     
 -0.24153710667576758       -1.4647791086735549     
  -8.1882099733430483E-002  0.60019366320512635     
   7.6022374714434765E-002   9.5691826574074310E-002
  -1.6764541439031191       -9.0786190441849934E-002
 -0.97935791930416460        3.1521240157998083     
  0.69408175167593766      -0.89180513804664052     
 -0.46502310962160703        2.0786795535126723     
 -0.75552919826754905        3.2071806910594436     
  0.80425826399470135       0.29081469112539265     
   2.1833595612831758        2.8610679757096973     
  0.40622663203157588       -1.3745658092227071     
  -1.3472840545291018       -3.1590468560629517     
   1.7040671617398713       -5.1210913505453508     
  0.81602361773194387       -5.6752839612063477     
 -0.64309929090677231        1.3773172954258501     
  -1.2872217017852805       -1.2279094589124280     
   1.0453266413809745        3.7016072597795278     
 -0.10266699941728839       -2.3818409506165326     
   4.3974539556858504E-002   2.4761859899677665     
  -1.2831054794549219        4.0968410877534609     
  0.81192864716556912        3.9949607981981661     
  0.64027524950661396        3.0015456857211462     
 -0.24488839455540587       0.50079371905722125     
   1.8338196912192350       -1.2891290903171069     
  -1.4051136512358620E-002   5.1171804244830916     
  -1.2805335687916730       -3.6049716747995153     
  0.91556229192612038        6.4233699779811184     
  -2.0777947110498993        3.4765585399333787     
  -1.3377890718115060        1.5810541601396764     
   3.3733320001659892E-002 -0.69361246232632545     
  0.60182478795792826        2.2769084408272269     
  0.11723056660837181        4.3607731974542236     
 -0.55507846249752979        5.8746820323930669     
 -0.30824123715413754       -3.0424816194630093     
 -0.77041255959317623       0.49419558286703635     
  0.21267402606719013        2.9392427195116841     
  0.29934398128759965        3.3827402747847155     
   3.5274649106379434       0.63859153148075365     
  0.92071410041757562        2.6456832313764074     
  0.39927175598926917       -1.0873631689303920     
   2.8914518632901713        4.3683806768128282     
  0.47056166155959206        6.0115905483925944     
  -2.1340830660470078        1.0904862202797472     
  -1.0048794982453741       -3.3917306150777500     
 -0.80574411123062017        1.3786298348166770     
  -2.9184325417377708       -3.9390576470822776     
  0.97982350878036795       -5.0296893727637464     
  -1.3345399238747109        2.0489592878500549     
   1.5495051105283359        2.9047310171078493     
  -1.4638422425082203        2.6312564791878290     
   1.1216397034756247        5.2931103425740651E-002
 -0.23283210681086405      -0.78971969336474868     
  -2.9464177031099292        1.5482467981911996     
  0.19362371004399118       0.34052798695391678     
  -2.1509119161393366       -4.4887040338020814     
  -1.5616567269288602       -1.0448415964507485     
   2.2889942896903230        2.1867805343314015     
 -0.80088521655043066       -8.3488283847084332     
 -0.12430677540568794       -1.4196416727466596     
 -0.55766365719085309       -5.1211702745835312     
   4.2981424452619823       -4.0774561525117319     
  -1.7288963012717120        3.8273537913757845     
  -1.0389496160342371        2.7600377088955446     
   1.6185488981804514       -1.1205418487432510     
  -1.0827645147162968       0.40630080216576947     
 -0.83980362680409171      -0.92713631834750709     
  0.76778633999728041        6.6865128741978455E-003
  0.23445532872644639        8.2058292408924824     
  -1.5685872299819976       -2.4994260071632755     
  0.40831744885389704       -2.9752002343260782     
  0.51599758453216138        4.3936679129700869     
  -9.4255113831494333E-002   5.8969933659100926     
   1.1687153421489513       -9.5062636926912685     
  -1.8849825761309202       -4.2524335530138986     
   2.1065024205363310       0.71166837365470836     
 -0.99602518770491044        7.0006531710284081     
  -1.4042777342579500       -5.8770779456110986     
  -1.3601164884389247       0.96886136155001301     
   2.2374277119822916       -2.8812779132744701     
   2.5558719523703308        1.6114226681068216     
 -0.38388882759105303        3.8515110035347853     
 -0.10923746529877677       0.40893738088389731     
  0.73461008052351273        4.3925843256338766     
  -1.1229685413472759       0.79189083023066476     
  -1.9128747980520620       -3.4989796578686923     
 -0.77818831158292923       -2.4588458889403957E-002
 -0.90411790718137430       -1.8417501065578565     
   1.5614843040668400       -2.8536377519620668     
   2.2809877746912028      -0.20222393799620272     
  0.13959363897129254       0.95592028576670585     
   2.5632122702110540       -1.9995534191167612     
  0.43990425686001317       -1.1021876377817199     
  -1.9976115923919904       0.62913172210310730     
 -0.89584578822643190      -0.76662516562301808     
  -2.3637638661091298        2.2465192639460079     
  -1.2826474141328872       -2.4646718182873428     
  -2.0412983627896328       -1.0633354952943670     
  0.20481248650428413        2.2339715989936666     
 -0.84030964139389852       0.33975111312650874     
  0.96606814647262629        2.4085797951547363     
 -0.50263038352594869        1.2099280974286801     
  -1.2050126489794801       -4.7776203114461397     
   1.3030288718755274        3.1398000268850650     
 -0.81020034179431777        5.6672258742161912     
  0.14793196414716850       -3.2641833052695568     
  -1.2166894339449206       -2.3933586028367424     
 -0.96190271561690444        1.0018003538504248     
   2.0710448922315394        3.8400447589125561     
  0.66589456799096669        6.9917598292420902     
  -1.0789606222758719       -2.4512463551131405     
  -1.1863770628149772        1.7532657953890276     
   1.0661889274297744       -6.7740507011366624     
 -0.57604313076667590       0.11512709645305064     
  -1.2565236550797279        5.2800106450509379     
 -0.54598873399522752       0.57652321871073220     
  0.36903422686382520       -2.5913404163791762     
   2.3540903391457708       0.24521842398904342     
 -0.79424877502129188        2.8551595050787060     
  -3.0835514360461707       -4.8622308448096012     
 -0.22967260287417759      -0.62399444373225821     
   1.2613748381971628       -1.4538622177514247     
  -3.7484198707461878      -0.63844257300907448     
  0.30058973847127013       -3.6474857207421287     
   2.0062619730009938       -7.3125189414290317E-002
   2.2136974489676304        4.3577029181612907     
  -2.7116022159651934       0.39968379870904536     
   1.3123522211983869       -5.0118122304416755     
 -0.49352335024052740      -0.31440231119566436     
 -0.85598251577729545        4.9736090570886731     
   1.4358172530010713        1.8116570771795768     
  0.24790189166693610        5.7775959010274240     
 -0.20767983711732038       0.14825361554324179     
   2.5601663785081787      -0.94725995489367587     
   1.8496440128132734        1.5437958065413186     
  -2.5340675085825572        3.8895248676639058     
 -0.70339367389182805       0.37849461839266757     
  -1.3358567509733748        2.3142492676064959     
   1.7049795715675296       0.47558590932134637     
   1.3567220241510829       -3.8674147276260800     
  -1.2437154349912107       -5.4292910406451718     
  -4.3465664926640682E-002  -3.1068527967708617     
 -0.79896794915847702       0.34516080600133542     
  0.61435506522965544       -1.0548762753590684     
  -2.9625958105397117        2.5535140736268027     
  0.30204610024157791       -7.1584500527738451     
  0.53590835268294756       -2.3423243028669800     
   4.0073191826864855E-002   2.2489417379060215     
  0.15930414627351847      -0.30236277304618869     
  0.46088156930044782       -2.2563253001796935     
 -0.59647873648037730        1.2862147856352297     
  -1.0094071676544434       0.43861484105880333     
   1.7077000284716983        1.7395156123359878     
  -1.7097259480194635       0.51711650057584624     
   1.9881331877346320        2.7571950791097306     
   2.7677840382448915        3.9550277918818528     
   1.8739745922754736       0.33793479681938193     
  -1.5407294062302126        1.0578179310374183     
   2.2580051460338573       0.90777345957160904     
  0.32986854589036457       0.95364231839136004     
  0.88142857209129921        3.6188301734390622     
  -1.6009032057287560       -3.7343997559127828     
  0.78810812159748034       -2.0841323707894635     
 -0.40593007090040978       -2.2798569398607111     
   1.8458220274841939      -0.72863743538449388     
  0.99866700731961455       -3.7195484720487086     
  0.39982461443552358        2.2019603014100460     
  0.96794259117621084       -2.9296283500418148     
   1.2529518265615123        6.3123617159479624     
   1.8936234871103605       0.77809459518898438     
 -0.82282114746344381        4.9961772190125391     
 -0.75460354934724794       -2.4985528861870923     
  0.58128996495653362       0.17417623291036147     
 -0.43975790472502752       0.66204647596838218     
  0.66562626558065308       -5.8401739607456510E-002
  0.21490346072365332       -5.6339769487767990     
 -0.19252048897142979        9.2005840290609981     
  -3.1594949082092660       0.11251965445387586     
   1.7397232971446042      -0.60341278781411445     
  -2.0717472329005009       -2.2813545546469629     
  0.28121750533945877      -0.31016468431502731     
 -0.23025387663994140        2.9143176772010668     
  -1.4160390712741064       -4.6194276688732154     
  0.42846480187797142      -0.71411117746466424     
  -1.9068342912767506       -1.6197164422281327     
  0.57112549051290151      -0.24192356149474314     
  -1.3380703334849533       -7.9581491436515966E-002
  0.63093449309206850       -2.3408282094407373     
  0.62499205275624747        4.8885028364095673     
   1.6512600031548303      -0.62274970052399814     
  -1.1949785557095944       -4.1661062748953857     
  0.39502377053731658        5.9624662337497483E-002
  0.70969126867937948       -4.4078061470930487     
  0.42883629112303817      -0.31459159548648269     
  0.11287676864286694        1.5063269427984149     
   1.1524642529836642        3.2513504734795609     
  -2.8520964859301022E-002 -0.52224713222641839     
 -0.14189105699265434       0.86922431624967622     
  -3.2950712642641405E-002  -4.0210504374495271     
   1.2567738225664906       0.63530137890299121     
  0.80370776916163156        4.1464943575215605     
  -1.2556858809362832        3.2378039605409508     
 -0.57891909130100450       -2.3764041993603859     
  0.73469523856062957        2.0811572889882588     
 -0.24594166471326354        1.1349671123578915     
   1.2000545459832677       -1.1481555713488454     
  0.68205852323005411        1.9376145109402914     
  0.56869718599560592       0.37619387329240500     
  -1.5516742219537583       -3.0614060302020207E-004
  0.77334343253932147       -1.9872633960879353     
   2.9556192454965351        1.2590881369843505     
  0.88358778101809421       -3.4093989813442209     
 -0.40264892556533022        5.5010307156863316     
 -0.90428093151645761        7.0265405630094833     
  -2.9903020211807445        1.4605909002527475     
 -0.15900037140086895       0.86209410576628764     
  0.71124865458358377      -0.18726599874686181     
   1.3324334519168732       -1.1232310549982454     
   2.4392226231573835        3.1938113406196558     
   2.2449243589847931      -0.77638549153024128     
 -0.19884682217011662       0.59038805548006457     
  0.77095861638279550      -0.65724429438472476     
  0.49955443008271555       -8.9000941572204706     
  -1.5408996533231256       -1.4076398403022610     
 -0.41666949505885692       0.30862748872566470     
   1.1530161005753352      -0.19541253484133342     
   2.0659358353917838       -3.9953462424812165     
  -1.5393988821158271      -0.78040404666585428     
   3.3921610955079257E-002 -0.40045448038260656     
  -1.2817416572571627        3.6357737500157494     
  -2.0556699195372854        1.1643622836451764     
  -2.5091926878755895        1.3837653969496355     
   1.0133274687000167       -2.0348557032813774     
 -0.25929063571638500       -1.3824823703894522     
  -9.9949056744748133E-002  -2.5005092687178347     
  0.16192195641158061       -2.1617209230437902     
   5.6250279210480619E-002   6.7818148563920868     
  0.16259612093520356       -3.8867567977714610     
   1.4032470759331308       -6.3687072870129544     
  -2.2210386698691842        3.3876877440342570     
  -1.0805778762759863       -1.9594968984311623     
  -2.7770697559786273       -3.0712407994530001E-002
   1.2030141834610200      -0.96499864572291638     
  -1.6457360096180484       -3.5421259169153765     
  0.22688572957100683        2.5638834891927682     
  -1.2687127844488213       -2.5619188546632397     
   1.6819392434070255        6.5905327630726012     
  -2.2396782396996073       0.77093977311171280     
  0.34448307230421205       -4.4276754100345022     
 -0.46467328832264237        6.3600368176081563     
  0.85808242287656289       -1.7149371402827931     
  -2.9433506087554768        7.1119013563997760E-002
  0.93175666274242852      -0.65674005540992841     
  -2.2078507448520064      -0.64576210060051564     
  -2.0093794898952240       0.56267740969607627     
 -0.71010278831873008       -3.6765910446597929     
 -0.67947112017935973        1.7805456954805901     
 -0.70223369503371702        1.6314463823047589     
 -0.43969479966950953       -5.8790807539784682     
 -0.20182687906948826      -0.49540965391263309     
  0.94784911256490445      -0.80217277861761083     
   1.6417412592104637      -0.32576875307876807     
   3.4340242123019199E-002   3.6912679031412345     
   1.8636970866262932       -3.7778451953052872     
  -1.2441309940782828        1.8537569715865272     
  0.44266205335459041        3.2337121008994969     
  -1.4644013288073616       -1.4409474382791052     
   2.4664845794049159       -2.7724164627280210     
  -1.8577556277863905        1.5018105113878475     
  -2.2351574183275518       -1.7044905057932955     
 -0.83423483838632961        2.1785261254742943     
   1.1477208897423166        1.7239555714179395     
  -5.2124333499675962E-002  -3.5334772212972867     
  -1.2532915662600113        4.8767021416347385     
 -0.35531633862713574        2.9728697019994081     
   1.5132269072643729        1.4915079349485907     
 -0.84459583051627307       -2.8775912649984914     
 -0.90549412313779531       -3.1574807507419140     
   1.9841950794020511        2.4174568666025702     
  -1.4301147675124657        6.6713103283979098     
 -0.44372612450830928       -2.1109462561759322     
   1.0381208520522738       0.94489933860668862     
  -1.4170604270424496       -8.6123470042284364E-002
  -3.2262288067701883        1.3289143066041913     
 -0.49552155529714792       0.56323233736600753     
  -2.0588714236204275        2.9264663424335029     
  -2.6766934296172900       -4.4663400156280036E-002
  -1.6573610575673856        1.0707780722542259     
  0.65565723543741805        3.1409358146244806     
  0.39118494395756376       0.87830147742501641     
  -2.6152801781178012        3.5832521670758428     
   1.9448219678231211        4.3881358516635594     
  -1.2782183611690270       -2.5377857396456838     
   1.1092339216055886       -1.9751822654104294     
  -1.2752374890894365        2.0454624559924910     
 -0.47761654516818502       -2.6572548843241139     
 -0.36481702118005999        2.2120117167051117     
   1.9038474235072962        2.4199356751499641     
  0.36596310705255247        1.8809181008033635     
   1.3850043510085164       0.17960567734368243     
   6.6653621682921035E-002   5.5987953291810921     
   4.0538178317256458E-002  -2.8735882439193929     
   1.0921236405563024       -3.1653538585987957     
 -0.86379655652052167       -3.0772734809151032     
 -0.79147310983287855       -4.9211559950625849     
   1.3109164362912771        1.7939159992496836     
 -0.16334946230252279      -0.58174588153635864     
   2.0390119940446563        1.9545407066019183     
   1.9021719635936598       -3.0864397883445225     
  0.12282088295271169       0.53794713469839683     
  -2.9371637150486611        1.9326059412758632     
  -1.1915017921618392      -0.19370698074751669     
 -0.11413738008835771       -1.0978706955644204     
  -1.6990410624219590        1.4049371926635974     
  -1.5941764525737716        3.9549534415238399     
  0.41281162113419945       -1.8122537781816677     
   1.9818694661943836        2.4941708079736289     
  0.12584654592130662       0.78869485506845782     
   1.1795950812740289E-002 -0.36068160899997698     
 -0.64879366680231332      -0.65355360078098312     
   4.2642416422939142       -1.5980805413320200     
   1.6082669874807169       -3.1422847529020954     
  0.59384670307380472        7.1102238697838018     
  0.91962742626530114       -1.5967278205755064     
  0.10575564035361190        2.4684373390332186     
  -2.2573030949663533       -5.7708360101908838     
   1.8550110929238712        2.4663594984500650     
  0.58003638426237381        5.2570359030724907     
 -0.86847777764509548       -6.1066590849385589     
  -1.0339650545665291        5.2057497178758023     
  -2.3437191551792433      -0.33526452481426194     
   8.9459638500892780E-002  0.37131807350669721     
  0.62727428257787465        2.8156295245550020     
   1.3638822126979600        1.7164695346866163     
  0.87580511407510953       -1.9295203682476803     
   2.3597581522297282       -5.0006629716907431     
  0.58845735604486338       -2.2773881997057575     
  0.75563106800914925      -0.37077590688380407     
 -0.28147483448919991       -2.6687261595903924     
   1.9786024273575951       -4.6110958006924267     
  0.22111670043518997       -5.0988527561804551     
 -0.40861252284622607      -0.23744465806784609     
   1.2034240244266097       -3.1735402999159854     
  -2.0045931207354393       -1.7985315630323360     
  0.86853767706040419        4.0990191822896218     
  -1.4345168970770656       -1.6815454332366668     
  -1.6174883729936984       -1.6214807313848232     
 -0.87514412636228922       -1.4899100157797958     
  0.32558679979887212       0.35179492393285444     
   1.7573260567168505       -2.9373155758056799     
  0.35754370822472986       -7.6388668854443624     
  -1.2051552436301938      -0.15677238799686635     
   5.7594738999039361       -1.9304280269169438     
  0.61300713449559163       -3.5907847634648915     
   1.7653754692053074        2.8749177520310512     
   1.1275270591582640       -2.1830732118349796     
   2.0296719368276124        1.0980745648552166     
 -0.51847778753147578       0.92885659937076026     
   2.2301433315742445       -4.9280186069627732     
  -2.4936926627206382       -1.2669232521481664     
  0.26712327687809562        9.4248918041436244E-003
  -1.7057333134174189        2.8339651772380550     
  0.61256606807294300      -0.69243466408117593     
  0.43967447699421858        4.4402316518865677     
 -0.96332138850089022        4.5087354975682477     
   9.7854187102969670E-002   1.0990185902765435     
   2.6879247291139570       -2.3462883005447348     
  0.42982144265814215        2.0620047174741520     
 -0.40164087702017659       -5.1603966348575172     
  -1.4362758350684277       -3.9901410763369616     
 -0.29371824257537621        7.1580643657394614     
  -1.2247730210179006        1.9140026625027742     
  -1.2237469426569099       0.43158083142067527     
 -0.52887148790643346       0.37158804174878018     
   1.1839249420946936        2.4336873177500530E-002
 -0.76211444129178285        8.0947944849289022E-002
   1.5802294268804780        2.7851089009993761     
 -0.48604396832714891        2.1666960447655654     
  -1.8094973657672373       -2.8213546394297029     
  -1.1148096902375195        3.3271853728067922     
 -0.87542801545489979      -0.17027833037864196     
 -0.44067361625141088       -1.4707183205754308     
  -1.3539089329052045       0.39172498237233810     
   1.5626718964951725        1.4822500866144415     
  0.90987121161221096       -2.5091540443734548     
  -1.7809018219561068       -2.5853672615371721     
  0.62917515776842503        2.1633073407579304     
   2.3403750201757143        2.3536421760441737     
  0.77724934647426447      -0.42188845085539806     
  -1.9040826861318458       -2.9171189604065897     
 -0.33227802625730130       -5.5096722760899866     
 -0.55122205824874904       0.89377429313725343     
   1.3347984863885241      -0.70242045425704558     
  -2.5884163929293866E-002   1.6189820110497530     
  -1.2267899991258682        1.8469120900483471     
  0.30789577233996984        3.8816877026853174     
   3.0500464519249433        1.0295207863262203     
 -0.70242899857144059        4.6368865928335854     
  0.95039704374190348       -6.6425258808664269     
  0.69059435381775536       -2.6607091437926762     
  -1.9519498338986290        3.9675895662883458     
  0.55678255807447952        1.2645073475676278     
  0.12938222149367784       -3.2708828247083108     
  -2.9529487226998019       -1.5442806200743648     
 -0.19327371753585626        2.4973162984511936     
  0.15741842057915681        3.5064609169919776     
   1.7777797128206239       -2.5749247830949997     
  0.28019601962257246        2.8328540396498005     
  -4.8760980971692409E-002  -1.2007610560048576     
   7.4406360236511301E-002   1.7166543763311481     
   1.8253661458101607        5.5817383840886281     
  0.39967441734164072       -3.2336886147869071     
  0.12854624313902269        2.6295874170784610     
  0.70664020658351134       -2.8905490757307968     
   1.3662337695089193       -1.3818998104503204     
  -2.8312875548979028       -1.7803811117032999     
  -2.1557364174079825       -1.0481752303134237     
  -1.3554181641804914       -2.6904186054268751     
  0.18357154145265109       0.84631969772767590     
   1.3735351465937016      -0.97880462618503905     
   1.5800748159533349      -0.68032031246797797     
 -0.61383594342872261       -2.0686569121398732     
  -2.5387534874336595        2.7085889809256707     
  -3.5171519341413138        5.3053055005611013E-002
  0.60683274843210988       -4.1395899278771759     
   1.8082982393209248        3.6702173003822054     
 -0.74870019871460203       -4.3960083848671720E-002
   2.4418727718417306       -6.3137853038728400     
 -0.45487558645136533        3.7917099776843735     
 -0.34138865284891612       -1.6710832715596127     
  -1.5088397414524499       0.13556681728982578     
  -1.0163870346938975       -3.3320656198694416     
  0.77387228417290976       0.94524646810279267     
   2.3954703358756420       -5.9148868898373124     
 -0.98104536267799902       -2.9780734521697183     
  0.35190127793409931        3.2212933641117889     
   1.7974455141073293       0.73683777465462619     
   2.1887229099684582        3.6632267483246892     
   1.1282898303055218        1.5818037222812158     
   2.5478025423396855       -4.5710527568410750     
  -2.0693865419453772        1.2310704984041845     
  -1.1654215380216607E-002 -0.39649358975539672     
  0.26605984240219893       -5.5539713868899776     
  0.16967499593991120       -5.6754879044261086     
   1.2423756120241465        1.6925765338792438     
   2.1185730645870242       0.29077469958532542     
  -1.0262294060081218        1.4737097825803909     
 -0.75445441926637924        4.7307682896152343     
  -2.0526843635847873        2.1841703873262794     
   9.5625667920764296E-002 -0.10228014545666914     
  -1.5971362127322970       -2.7211481607298276     
  -1.0425147430442023        4.1670768926405568     
  0.25553137251003799        4.2847272603956785     
 -0.22723129267082212       0.97007431547313594     
   1.1977019485702953       -1.0453421897098545     
   1.6798673440607255       -3.1720409366661766     
  0.34282198738004643      -0.38590378239206136     
   5.3757229157712833E-002   2.3726290832832193     
   1.2101501445460212        4.2350544349505590     
 -0.27416241422485105       -3.9758669743957542     
   1.3080562224567711       -5.2457779071571276     
 -0.94580616721316424       -3.2343400616120119     
  -2.3792668152854524      -0.38223929272724422     
  0.52345640793590975        3.4489419259004346     
  0.80096880729909947       0.69377853322282923     
   2.3093159006834454       0.20119669875452623     
 -0.59013430886566975        2.6626403538305623     
   3.0416598506475010       -4.6506060948120060     
 -0.43424111812135147       -2.4991461295294970     
 -0.35454333086682061        2.7787036822688318     
   1.7151243211662834        2.8704663934132473     
 -0.87618026784284697        5.8008264105242917     
   3.4006808542655769        2.4478808266087229     
  -9.5424294356348902E-002  -6.0450572266310543     
   1.7655273494342127       -1.6811381010142237     
 -0.72837040214924487        3.1341287935755497     
